# Temperatura_=_20.0
# Concentracion g/m^3_=_10770.0
# C_Vs_to_Am_M_A/Vsm_=_116720831517.84952
# pendiente_HvsI_1/m_=_3716.3
# ordenada_HvsI_A/m_=_1297.0
# frecuencia_Hz_=_108073.02253375562
# Promedio de 7 ciclos

Tiempo_(s)	Campo_(V.s)	Magnetizacion_(V.s)	Campo_(kA/m)	Magnetizacion_(A/m)
0.000000e+00	-2.447640e-09	-1.205641e-09	-2.057208e+01	-1.434346e+02
1.000000e-08	-2.447648e-09	-1.202899e-09	-2.057215e+01	-1.435638e+02
2.000000e-08	-2.447591e-09	-1.200362e-09	-2.057167e+01	-1.435992e+02
3.000000e-08	-2.447468e-09	-1.190391e-09	-2.057064e+01	-1.435209e+02
4.000000e-08	-2.447231e-09	-1.175818e-09	-2.056865e+01	-1.433176e+02
5.000000e-08	-2.446794e-09	-1.188216e-09	-2.056497e+01	-1.429880e+02
6.000000e-08	-2.446092e-09	-1.251251e-09	-2.055907e+01	-1.425415e+02
7.000000e-08	-2.445191e-09	-1.320956e-09	-2.055150e+01	-1.419980e+02
8.000000e-08	-2.444224e-09	-1.294086e-09	-2.054337e+01	-1.413861e+02
9.000000e-08	-2.443281e-09	-1.186096e-09	-2.053544e+01	-1.407404e+02
1.000000e-07	-2.442388e-09	-1.161178e-09	-2.052794e+01	-1.400985e+02
1.100000e-07	-2.441476e-09	-1.172311e-09	-2.052027e+01	-1.394965e+02
1.200000e-07	-2.440483e-09	-1.115045e-09	-2.051193e+01	-1.389663e+02
1.300000e-07	-2.439371e-09	-1.118829e-09	-2.050258e+01	-1.385318e+02
1.400000e-07	-2.438093e-09	-1.187060e-09	-2.049184e+01	-1.382069e+02
1.500000e-07	-2.436629e-09	-1.252918e-09	-2.047954e+01	-1.379950e+02
1.600000e-07	-2.434989e-09	-1.281352e-09	-2.046575e+01	-1.378883e+02
1.700000e-07	-2.433235e-09	-1.249261e-09	-2.045101e+01	-1.378701e+02
1.800000e-07	-2.431451e-09	-1.154627e-09	-2.043602e+01	-1.379166e+02
1.900000e-07	-2.429625e-09	-1.129649e-09	-2.042067e+01	-1.380002e+02
2.000000e-07	-2.427610e-09	-1.185567e-09	-2.040373e+01	-1.380930e+02
2.100000e-07	-2.425351e-09	-1.182455e-09	-2.038474e+01	-1.381695e+02
2.200000e-07	-2.422925e-09	-1.162488e-09	-2.036436e+01	-1.382096e+02
2.300000e-07	-2.420432e-09	-1.177110e-09	-2.034340e+01	-1.382004e+02
2.400000e-07	-2.417853e-09	-1.250447e-09	-2.032173e+01	-1.381366e+02
2.500000e-07	-2.415117e-09	-1.230344e-09	-2.029873e+01	-1.380206e+02
2.600000e-07	-2.412266e-09	-1.128358e-09	-2.027477e+01	-1.378612e+02
2.700000e-07	-2.409338e-09	-1.098169e-09	-2.025016e+01	-1.376714e+02
2.800000e-07	-2.406288e-09	-1.163008e-09	-2.022452e+01	-1.374661e+02
2.900000e-07	-2.403030e-09	-1.213023e-09	-2.019714e+01	-1.372600e+02
3.000000e-07	-2.399602e-09	-1.166980e-09	-2.016833e+01	-1.370649e+02
3.100000e-07	-2.396098e-09	-1.166375e-09	-2.013888e+01	-1.368888e+02
3.200000e-07	-2.392527e-09	-1.190704e-09	-2.010887e+01	-1.367342e+02
3.300000e-07	-2.388848e-09	-1.174244e-09	-2.007795e+01	-1.365991e+02
3.400000e-07	-2.385031e-09	-1.124477e-09	-2.004586e+01	-1.364768e+02
3.500000e-07	-2.381110e-09	-1.114434e-09	-2.001291e+01	-1.363580e+02
3.600000e-07	-2.377108e-09	-1.160295e-09	-1.997927e+01	-1.362324e+02
3.700000e-07	-2.373027e-09	-1.170150e-09	-1.994497e+01	-1.360901e+02
3.800000e-07	-2.368854e-09	-1.173464e-09	-1.990989e+01	-1.359239e+02
3.900000e-07	-2.364585e-09	-1.167644e-09	-1.987402e+01	-1.357299e+02
4.000000e-07	-2.360231e-09	-1.160935e-09	-1.983742e+01	-1.355084e+02
4.100000e-07	-2.355783e-09	-1.132438e-09	-1.980004e+01	-1.352634e+02
4.200000e-07	-2.351227e-09	-1.117541e-09	-1.976175e+01	-1.350024e+02
4.300000e-07	-2.346545e-09	-1.133712e-09	-1.972239e+01	-1.347345e+02
4.400000e-07	-2.341753e-09	-1.124556e-09	-1.968211e+01	-1.344693e+02
4.500000e-07	-2.336886e-09	-1.126336e-09	-1.964121e+01	-1.342151e+02
4.600000e-07	-2.331958e-09	-1.141355e-09	-1.959979e+01	-1.339776e+02
4.700000e-07	-2.326913e-09	-1.152514e-09	-1.955739e+01	-1.337588e+02
4.800000e-07	-2.321699e-09	-1.118252e-09	-1.951357e+01	-1.335572e+02
4.900000e-07	-2.316337e-09	-1.099618e-09	-1.946850e+01	-1.333670e+02
5.000000e-07	-2.310844e-09	-1.124841e-09	-1.942233e+01	-1.331802e+02
5.100000e-07	-2.305236e-09	-1.126702e-09	-1.937520e+01	-1.329868e+02
5.200000e-07	-2.299533e-09	-1.109483e-09	-1.932727e+01	-1.327772e+02
5.300000e-07	-2.293752e-09	-1.102085e-09	-1.927867e+01	-1.325431e+02
5.400000e-07	-2.287884e-09	-1.119930e-09	-1.922936e+01	-1.322790e+02
5.500000e-07	-2.281910e-09	-1.109079e-09	-1.917915e+01	-1.319834e+02
5.600000e-07	-2.275841e-09	-1.091615e-09	-1.912814e+01	-1.316587e+02
5.700000e-07	-2.269666e-09	-1.097236e-09	-1.907624e+01	-1.313111e+02
5.800000e-07	-2.263382e-09	-1.101425e-09	-1.902342e+01	-1.309497e+02
5.900000e-07	-2.257011e-09	-1.100897e-09	-1.896987e+01	-1.305852e+02
6.000000e-07	-2.250574e-09	-1.099166e-09	-1.891577e+01	-1.302284e+02
6.100000e-07	-2.244074e-09	-1.101317e-09	-1.886114e+01	-1.298886e+02
6.200000e-07	-2.237499e-09	-1.084208e-09	-1.880588e+01	-1.295724e+02
6.300000e-07	-2.230817e-09	-1.080562e-09	-1.874972e+01	-1.292824e+02
6.400000e-07	-2.223964e-09	-1.088842e-09	-1.869211e+01	-1.290170e+02
6.500000e-07	-2.216927e-09	-1.082468e-09	-1.863297e+01	-1.287708e+02
6.600000e-07	-2.209757e-09	-1.075191e-09	-1.857271e+01	-1.285348e+02
6.700000e-07	-2.202507e-09	-1.081251e-09	-1.851178e+01	-1.282983e+02
6.800000e-07	-2.195189e-09	-1.092595e-09	-1.845027e+01	-1.280497e+02
6.900000e-07	-2.187789e-09	-1.080199e-09	-1.838807e+01	-1.277783e+02
7.000000e-07	-2.180298e-09	-1.069732e-09	-1.832511e+01	-1.274759e+02
7.100000e-07	-2.172708e-09	-1.064815e-09	-1.826131e+01	-1.271375e+02
7.200000e-07	-2.165013e-09	-1.060359e-09	-1.819665e+01	-1.267621e+02
7.300000e-07	-2.157212e-09	-1.058761e-09	-1.813107e+01	-1.263527e+02
7.400000e-07	-2.149302e-09	-1.055409e-09	-1.806460e+01	-1.259155e+02
7.500000e-07	-2.141307e-09	-1.051420e-09	-1.799740e+01	-1.254594e+02
7.600000e-07	-2.133256e-09	-1.044211e-09	-1.792973e+01	-1.249945e+02
7.700000e-07	-2.125148e-09	-1.050215e-09	-1.786158e+01	-1.245306e+02
7.800000e-07	-2.116964e-09	-1.050219e-09	-1.779280e+01	-1.240764e+02
7.900000e-07	-2.108677e-09	-1.038931e-09	-1.772314e+01	-1.236378e+02
8.000000e-07	-2.100241e-09	-1.031380e-09	-1.765224e+01	-1.232180e+02
8.100000e-07	-2.091640e-09	-1.030669e-09	-1.757995e+01	-1.228166e+02
8.200000e-07	-2.082907e-09	-1.031087e-09	-1.750655e+01	-1.224305e+02
8.300000e-07	-2.074082e-09	-1.024461e-09	-1.743238e+01	-1.220542e+02
8.400000e-07	-2.065190e-09	-1.021802e-09	-1.735764e+01	-1.216809e+02
8.500000e-07	-2.056226e-09	-1.016954e-09	-1.728230e+01	-1.213035e+02
8.600000e-07	-2.047175e-09	-1.014935e-09	-1.720623e+01	-1.209156e+02
8.700000e-07	-2.038032e-09	-1.013653e-09	-1.712939e+01	-1.205129e+02
8.800000e-07	-2.028789e-09	-1.006460e-09	-1.705170e+01	-1.200927e+02
8.900000e-07	-2.019444e-09	-1.000486e-09	-1.697315e+01	-1.196552e+02
9.000000e-07	-2.010008e-09	-9.979058e-10	-1.689384e+01	-1.192026e+02
9.100000e-07	-2.000478e-09	-1.000148e-09	-1.681375e+01	-1.187390e+02
9.200000e-07	-1.990860e-09	-9.941775e-10	-1.673291e+01	-1.182693e+02
9.300000e-07	-1.981173e-09	-9.871244e-10	-1.665150e+01	-1.177986e+02
9.400000e-07	-1.971408e-09	-9.809056e-10	-1.656942e+01	-1.173313e+02
9.500000e-07	-1.961537e-09	-9.742916e-10	-1.648646e+01	-1.168704e+02
9.600000e-07	-1.951527e-09	-9.707286e-10	-1.640232e+01	-1.164171e+02
9.700000e-07	-1.941363e-09	-9.628488e-10	-1.631689e+01	-1.159704e+02
9.800000e-07	-1.931069e-09	-9.561050e-10	-1.623038e+01	-1.155274e+02
9.900000e-07	-1.920672e-09	-9.534168e-10	-1.614299e+01	-1.150839e+02
1.000000e-06	-1.910181e-09	-9.593141e-10	-1.605482e+01	-1.146346e+02
1.010000e-06	-1.899598e-09	-9.636048e-10	-1.596587e+01	-1.141738e+02
1.020000e-06	-1.888933e-09	-9.625727e-10	-1.587622e+01	-1.136965e+02
1.030000e-06	-1.878182e-09	-9.612722e-10	-1.578587e+01	-1.131985e+02
1.040000e-06	-1.867350e-09	-9.562845e-10	-1.569483e+01	-1.126773e+02
1.050000e-06	-1.856441e-09	-9.482200e-10	-1.560314e+01	-1.121316e+02
1.060000e-06	-1.845444e-09	-9.360751e-10	-1.551071e+01	-1.115622e+02
1.070000e-06	-1.834361e-09	-9.289914e-10	-1.541756e+01	-1.109708e+02
1.080000e-06	-1.823191e-09	-9.289935e-10	-1.532368e+01	-1.103605e+02
1.090000e-06	-1.811951e-09	-9.348093e-10	-1.522920e+01	-1.097351e+02
1.100000e-06	-1.800666e-09	-9.387801e-10	-1.513435e+01	-1.090985e+02
1.110000e-06	-1.789324e-09	-9.346633e-10	-1.503903e+01	-1.084546e+02
1.120000e-06	-1.777893e-09	-9.255905e-10	-1.494295e+01	-1.078069e+02
1.130000e-06	-1.766363e-09	-9.127696e-10	-1.484605e+01	-1.071585e+02
1.140000e-06	-1.754732e-09	-9.011949e-10	-1.474829e+01	-1.065117e+02
1.150000e-06	-1.742978e-09	-8.911865e-10	-1.464950e+01	-1.058687e+02
1.160000e-06	-1.731102e-09	-8.868957e-10	-1.454968e+01	-1.052310e+02
1.170000e-06	-1.719134e-09	-8.879766e-10	-1.444909e+01	-1.045999e+02
1.180000e-06	-1.707101e-09	-8.889098e-10	-1.434795e+01	-1.039763e+02
1.190000e-06	-1.695013e-09	-8.874107e-10	-1.424635e+01	-1.033609e+02
1.200000e-06	-1.682869e-09	-8.817305e-10	-1.414429e+01	-1.027538e+02
1.210000e-06	-1.670666e-09	-8.742940e-10	-1.404172e+01	-1.021547e+02
1.220000e-06	-1.658392e-09	-8.672366e-10	-1.393856e+01	-1.015626e+02
1.230000e-06	-1.646044e-09	-8.615863e-10	-1.383478e+01	-1.009758e+02
1.240000e-06	-1.633622e-09	-8.556486e-10	-1.373037e+01	-1.003915e+02
1.250000e-06	-1.621133e-09	-8.506009e-10	-1.362541e+01	-9.980654e+01
1.260000e-06	-1.608580e-09	-8.457809e-10	-1.351990e+01	-9.921699e+01
1.270000e-06	-1.595949e-09	-8.409550e-10	-1.341374e+01	-9.861887e+01
1.280000e-06	-1.583248e-09	-8.392311e-10	-1.330698e+01	-9.800844e+01
1.290000e-06	-1.570475e-09	-8.386526e-10	-1.319963e+01	-9.738271e+01
1.300000e-06	-1.557634e-09	-8.373620e-10	-1.309170e+01	-9.673994e+01
1.310000e-06	-1.544747e-09	-8.338154e-10	-1.298339e+01	-9.607991e+01
1.320000e-06	-1.531826e-09	-8.290916e-10	-1.287479e+01	-9.540421e+01
1.330000e-06	-1.518850e-09	-8.216019e-10	-1.276573e+01	-9.471616e+01
1.340000e-06	-1.505807e-09	-8.115726e-10	-1.265610e+01	-9.402064e+01
1.350000e-06	-1.492676e-09	-8.008914e-10	-1.254574e+01	-9.332356e+01
1.360000e-06	-1.479442e-09	-7.899617e-10	-1.243451e+01	-9.263130e+01
1.370000e-06	-1.466108e-09	-7.843078e-10	-1.232244e+01	-9.194995e+01
1.380000e-06	-1.452665e-09	-7.818146e-10	-1.220945e+01	-9.128461e+01
1.390000e-06	-1.439127e-09	-7.817692e-10	-1.209567e+01	-9.063868e+01
1.400000e-06	-1.425525e-09	-7.820996e-10	-1.198135e+01	-9.001348e+01
1.410000e-06	-1.411877e-09	-7.785924e-10	-1.186664e+01	-8.940792e+01
1.420000e-06	-1.398194e-09	-7.725021e-10	-1.175163e+01	-8.881861e+01
1.430000e-06	-1.384470e-09	-7.626792e-10	-1.163629e+01	-8.824016e+01
1.440000e-06	-1.370708e-09	-7.525548e-10	-1.152061e+01	-8.766571e+01
1.450000e-06	-1.356895e-09	-7.445538e-10	-1.140452e+01	-8.708767e+01
1.460000e-06	-1.343014e-09	-7.397827e-10	-1.128785e+01	-8.649854e+01
1.470000e-06	-1.329070e-09	-7.385412e-10	-1.117066e+01	-8.589163e+01
1.480000e-06	-1.315061e-09	-7.387396e-10	-1.105291e+01	-8.526175e+01
1.490000e-06	-1.300982e-09	-7.353419e-10	-1.093458e+01	-8.460563e+01
1.500000e-06	-1.286843e-09	-7.268535e-10	-1.081574e+01	-8.392216e+01
1.510000e-06	-1.272647e-09	-7.195220e-10	-1.069642e+01	-8.321227e+01
1.520000e-06	-1.258383e-09	-7.147817e-10	-1.057654e+01	-8.247871e+01
1.530000e-06	-1.244054e-09	-7.121025e-10	-1.045611e+01	-8.172552e+01
1.540000e-06	-1.229673e-09	-7.066680e-10	-1.033524e+01	-8.095745e+01
1.550000e-06	-1.215250e-09	-6.973558e-10	-1.021402e+01	-8.017938e+01
1.560000e-06	-1.200794e-09	-6.897341e-10	-1.009251e+01	-7.939576e+01
1.570000e-06	-1.186307e-09	-6.844535e-10	-9.970754e+00	-7.861025e+01
1.580000e-06	-1.171784e-09	-6.789557e-10	-9.848692e+00	-7.782543e+01
1.590000e-06	-1.157226e-09	-6.707600e-10	-9.726330e+00	-7.704280e+01
1.600000e-06	-1.142626e-09	-6.641875e-10	-9.603622e+00	-7.626295e+01
1.610000e-06	-1.127970e-09	-6.593955e-10	-9.480440e+00	-7.548574e+01
1.620000e-06	-1.113245e-09	-6.524083e-10	-9.356675e+00	-7.471071e+01
1.630000e-06	-1.098438e-09	-6.426288e-10	-9.232228e+00	-7.393737e+01
1.640000e-06	-1.083543e-09	-6.321377e-10	-9.107033e+00	-7.316542e+01
1.650000e-06	-1.068559e-09	-6.253394e-10	-8.981091e+00	-7.239497e+01
1.660000e-06	-1.053492e-09	-6.196417e-10	-8.854456e+00	-7.162644e+01
1.670000e-06	-1.038350e-09	-6.123155e-10	-8.727196e+00	-7.086050e+01
1.680000e-06	-1.023149e-09	-6.037910e-10	-8.599434e+00	-7.009778e+01
1.690000e-06	-1.007904e-09	-5.952255e-10	-8.471297e+00	-6.933859e+01
1.700000e-06	-9.926227e-10	-5.882994e-10	-8.342861e+00	-6.858262e+01
1.710000e-06	-9.773029e-10	-5.831998e-10	-8.214101e+00	-6.782872e+01
1.720000e-06	-9.619451e-10	-5.765556e-10	-8.085020e+00	-6.707481e+01
1.730000e-06	-9.465467e-10	-5.701042e-10	-7.955599e+00	-6.631794e+01
1.740000e-06	-9.310984e-10	-5.670023e-10	-7.825758e+00	-6.555452e+01
1.750000e-06	-9.156021e-10	-5.627823e-10	-7.695514e+00	-6.478071e+01
1.760000e-06	-9.000603e-10	-5.551411e-10	-7.564887e+00	-6.399286e+01
1.770000e-06	-8.844801e-10	-5.450203e-10	-7.433937e+00	-6.318804e+01
1.780000e-06	-8.688622e-10	-5.386632e-10	-7.302671e+00	-6.236448e+01
1.790000e-06	-8.532024e-10	-5.358051e-10	-7.171053e+00	-6.152196e+01
1.800000e-06	-8.375082e-10	-5.325630e-10	-7.039145e+00	-6.066191e+01
1.810000e-06	-8.217780e-10	-5.263813e-10	-6.906935e+00	-5.978744e+01
1.820000e-06	-8.060028e-10	-5.168824e-10	-6.774347e+00	-5.890307e+01
1.830000e-06	-7.901765e-10	-5.070969e-10	-6.641329e+00	-5.801430e+01
1.840000e-06	-7.743008e-10	-4.951109e-10	-6.507896e+00	-5.712705e+01
1.850000e-06	-7.583815e-10	-4.837106e-10	-6.374096e+00	-5.624704e+01
1.860000e-06	-7.424179e-10	-4.739183e-10	-6.239925e+00	-5.537916e+01
1.870000e-06	-7.264080e-10	-4.675752e-10	-6.105364e+00	-5.452696e+01
1.880000e-06	-7.103458e-10	-4.656978e-10	-5.970363e+00	-5.369232e+01
1.890000e-06	-6.942427e-10	-4.627027e-10	-5.835019e+00	-5.287526e+01
1.900000e-06	-6.781065e-10	-4.577081e-10	-5.699396e+00	-5.207400e+01
1.910000e-06	-6.619341e-10	-4.480898e-10	-5.563469e+00	-5.128525e+01
1.920000e-06	-6.457236e-10	-4.361351e-10	-5.427222e+00	-5.050457e+01
1.930000e-06	-6.294810e-10	-4.249923e-10	-5.290705e+00	-4.972694e+01
1.940000e-06	-6.132184e-10	-4.157548e-10	-5.154020e+00	-4.894724e+01
1.950000e-06	-5.969303e-10	-4.085704e-10	-5.017121e+00	-4.816080e+01
1.960000e-06	-5.806204e-10	-4.042187e-10	-4.880038e+00	-4.736374e+01
1.970000e-06	-5.642944e-10	-4.035984e-10	-4.742821e+00	-4.655326e+01
1.980000e-06	-5.479557e-10	-4.019875e-10	-4.605496e+00	-4.572773e+01
1.990000e-06	-5.316023e-10	-3.976936e-10	-4.468048e+00	-4.488666e+01
2.000000e-06	-5.152285e-10	-3.893709e-10	-4.330428e+00	-4.403053e+01
2.010000e-06	-4.988386e-10	-3.801093e-10	-4.192674e+00	-4.316053e+01
2.020000e-06	-4.824253e-10	-3.703291e-10	-4.054722e+00	-4.227831e+01
2.030000e-06	-4.659997e-10	-3.594625e-10	-3.916667e+00	-4.138573e+01
2.040000e-06	-4.495600e-10	-3.506461e-10	-3.778494e+00	-4.048467e+01
2.050000e-06	-4.330872e-10	-3.439228e-10	-3.640042e+00	-3.957687e+01
2.060000e-06	-4.165908e-10	-3.392102e-10	-3.501392e+00	-3.866391e+01
2.070000e-06	-4.000845e-10	-3.334143e-10	-3.362659e+00	-3.774720e+01
2.080000e-06	-3.835595e-10	-3.237676e-10	-3.223768e+00	-3.682805e+01
2.090000e-06	-3.670098e-10	-3.129901e-10	-3.084670e+00	-3.590773e+01
2.100000e-06	-3.504410e-10	-3.048898e-10	-2.945412e+00	-3.498747e+01
2.110000e-06	-3.338547e-10	-2.964841e-10	-2.806006e+00	-3.406847e+01
2.120000e-06	-3.172540e-10	-2.854404e-10	-2.666479e+00	-3.315184e+01
2.130000e-06	-3.006293e-10	-2.741399e-10	-2.526751e+00	-3.223849e+01
2.140000e-06	-2.839831e-10	-2.639165e-10	-2.386842e+00	-3.132896e+01
2.150000e-06	-2.673218e-10	-2.563458e-10	-2.246806e+00	-3.042335e+01
2.160000e-06	-2.506459e-10	-2.504073e-10	-2.106647e+00	-2.952119e+01
2.170000e-06	-2.339633e-10	-2.440176e-10	-1.966432e+00	-2.862141e+01
2.180000e-06	-2.172696e-10	-2.377249e-10	-1.826124e+00	-2.772246e+01
2.190000e-06	-2.005626e-10	-2.341305e-10	-1.685704e+00	-2.682244e+01
2.200000e-06	-1.838412e-10	-2.310933e-10	-1.545163e+00	-2.591935e+01
2.210000e-06	-1.671109e-10	-2.241764e-10	-1.404547e+00	-2.501144e+01
2.220000e-06	-1.503704e-10	-2.138795e-10	-1.263845e+00	-2.409745e+01
2.230000e-06	-1.336179e-10	-2.022579e-10	-1.123043e+00	-2.317692e+01
2.240000e-06	-1.168633e-10	-1.926936e-10	-9.822227e-01	-2.225028e+01
2.250000e-06	-1.000976e-10	-1.859832e-10	-8.413092e-01	-2.131891e+01
2.260000e-06	-8.332633e-11	-1.803357e-10	-7.003487e-01	-2.038497e+01
2.270000e-06	-6.656196e-11	-1.750218e-10	-5.594464e-01	-1.945107e+01
2.280000e-06	-4.980133e-11	-1.700679e-10	-4.185756e-01	-1.851991e+01
2.290000e-06	-3.303731e-11	-1.639850e-10	-2.776763e-01	-1.759370e+01
2.300000e-06	-1.627293e-11	-1.550781e-10	-1.367739e-01	-1.667375e+01
2.310000e-06	4.890889e-13	-1.450205e-10	4.108496e-03	-1.576005e+01
2.320000e-06	1.725207e-11	-1.355615e-10	1.449991e-01	-1.485104e+01
2.330000e-06	3.401629e-11	-1.271096e-10	2.859000e-01	-1.394356e+01
2.340000e-06	5.078709e-11	-1.192110e-10	4.268563e-01	-1.303313e+01
2.350000e-06	6.755935e-11	-1.123962e-10	5.678249e-01	-1.211432e+01
2.360000e-06	8.432761e-11	-1.065394e-10	7.087599e-01	-1.118144e+01
2.370000e-06	1.010866e-10	-1.000568e-10	8.496169e-01	-1.022924e+01
2.380000e-06	1.178241e-10	-9.271856e-11	9.902934e-01	-9.253666e+00
2.390000e-06	1.345503e-10	-8.602522e-11	1.130875e+00	-8.252485e+00
2.400000e-06	1.512854e-10	-8.101542e-11	1.271531e+00	-7.225744e+00
2.410000e-06	1.680220e-10	-7.436567e-11	1.412200e+00	-6.175937e+00
2.420000e-06	1.847524e-10	-6.518252e-11	1.552817e+00	-5.107859e+00
2.430000e-06	2.014884e-10	-5.733358e-11	1.693481e+00	-4.028153e+00
2.440000e-06	2.182124e-10	-5.141401e-11	1.834044e+00	-2.944588e+00
2.450000e-06	2.349077e-10	-4.523209e-11	1.974365e+00	-1.865160e+00
2.460000e-06	2.515825e-10	-3.608759e-11	2.114515e+00	-7.971354e-01
2.470000e-06	2.682352e-10	-2.533333e-11	2.254479e+00	2.538440e-01
2.480000e-06	2.848732e-10	-1.709715e-11	2.394319e+00	1.284458e+00
2.490000e-06	3.014991e-10	-1.291479e-11	2.534058e+00	2.294116e+00
2.500000e-06	3.181017e-10	-9.036405e-12	2.673600e+00	3.284999e+00
2.510000e-06	3.346855e-10	-4.588107e-12	2.812984e+00	4.261744e+00
2.520000e-06	3.512577e-10	7.699427e-13	2.952271e+00	5.230779e+00
2.530000e-06	3.678107e-10	8.022228e-12	3.091398e+00	6.199415e+00
2.540000e-06	3.843350e-10	1.859347e-11	3.230282e+00	7.174811e+00
2.550000e-06	4.008369e-10	3.316818e-11	3.368978e+00	8.162950e+00
2.560000e-06	4.173251e-10	4.745254e-11	3.507559e+00	9.167772e+00
2.570000e-06	4.337963e-10	5.754579e-11	3.645997e+00	1.019059e+01
2.580000e-06	4.502466e-10	6.279048e-11	3.784260e+00	1.122989e+01
2.590000e-06	4.666707e-10	6.977844e-11	3.922302e+00	1.228145e+01
2.600000e-06	4.830800e-10	7.838640e-11	4.060221e+00	1.333898e+01
2.610000e-06	4.994704e-10	8.424715e-11	4.197979e+00	1.439494e+01
2.620000e-06	5.158296e-10	8.995490e-11	4.335476e+00	1.544160e+01
2.630000e-06	5.321722e-10	9.717281e-11	4.472834e+00	1.647214e+01
2.640000e-06	5.484928e-10	1.073561e-10	4.610006e+00	1.748166e+01
2.650000e-06	5.647920e-10	1.181378e-10	4.746999e+00	1.846788e+01
2.660000e-06	5.810781e-10	1.277454e-10	4.883881e+00	1.943153e+01
2.670000e-06	5.973438e-10	1.361954e-10	5.020592e+00	2.037638e+01
2.680000e-06	6.135835e-10	1.427292e-10	5.157084e+00	2.130874e+01
2.690000e-06	6.298022e-10	1.473388e-10	5.293401e+00	2.223673e+01
2.700000e-06	6.459916e-10	1.484789e-10	5.429471e+00	2.316923e+01
2.710000e-06	6.621460e-10	1.500834e-10	5.565246e+00	2.411475e+01
2.720000e-06	6.782685e-10	1.529924e-10	5.700754e+00	2.508032e+01
2.730000e-06	6.943641e-10	1.606488e-10	5.836035e+00	2.607063e+01
2.740000e-06	7.104284e-10	1.744415e-10	5.971053e+00	2.708743e+01
2.750000e-06	7.264471e-10	1.881823e-10	6.105688e+00	2.812929e+01
2.760000e-06	7.424229e-10	1.990719e-10	6.239963e+00	2.919184e+01
2.770000e-06	7.583499e-10	2.066559e-10	6.373827e+00	3.026835e+01
2.780000e-06	7.742354e-10	2.145127e-10	6.507342e+00	3.135056e+01
2.790000e-06	7.900814e-10	2.247572e-10	6.640526e+00	3.242978e+01
2.800000e-06	8.058894e-10	2.360448e-10	6.773390e+00	3.349790e+01
2.810000e-06	8.216569e-10	2.447561e-10	6.905913e+00	3.454837e+01
2.820000e-06	8.373840e-10	2.521408e-10	7.038097e+00	3.557693e+01
2.830000e-06	8.530766e-10	2.622130e-10	7.169992e+00	3.658202e+01
2.840000e-06	8.687233e-10	2.730135e-10	7.301500e+00	3.756480e+01
2.850000e-06	8.843245e-10	2.811790e-10	7.432626e+00	3.852885e+01
2.860000e-06	8.998807e-10	2.856383e-10	7.563374e+00	3.947958e+01
2.870000e-06	9.153985e-10	2.928451e-10	7.693799e+00	4.042341e+01
2.880000e-06	9.308725e-10	3.049952e-10	7.823856e+00	4.136688e+01
2.890000e-06	9.462860e-10	3.152623e-10	7.953404e+00	4.231581e+01
2.900000e-06	9.616504e-10	3.200996e-10	8.082540e+00	4.327459e+01
2.910000e-06	9.769782e-10	3.247910e-10	8.211368e+00	4.424572e+01
2.920000e-06	9.922700e-10	3.325562e-10	8.339893e+00	4.522960e+01
2.930000e-06	1.007531e-09	3.413327e-10	8.468158e+00	4.622470e+01
2.940000e-06	1.022759e-09	3.487883e-10	8.596152e+00	4.722787e+01
2.950000e-06	1.037939e-09	3.536920e-10	8.723733e+00	4.823490e+01
2.960000e-06	1.053053e-09	3.620114e-10	8.850764e+00	4.924121e+01
2.970000e-06	1.068104e-09	3.746938e-10	8.977270e+00	5.024249e+01
2.980000e-06	1.083087e-09	3.865315e-10	9.103201e+00	5.123527e+01
2.990000e-06	1.097987e-09	3.953120e-10	9.228432e+00	5.221736e+01
3.000000e-06	1.112799e-09	4.022306e-10	9.352926e+00	5.318803e+01
3.010000e-06	1.127521e-09	4.101720e-10	9.476661e+00	5.414805e+01
3.020000e-06	1.142162e-09	4.188711e-10	9.599715e+00	5.509946e+01
3.030000e-06	1.156747e-09	4.277402e-10	9.722299e+00	5.604523e+01
3.040000e-06	1.171289e-09	4.359076e-10	9.844526e+00	5.698885e+01
3.050000e-06	1.185794e-09	4.458326e-10	9.966440e+00	5.793382e+01
3.060000e-06	1.200265e-09	4.580796e-10	1.008807e+01	5.888327e+01
3.070000e-06	1.214703e-09	4.677379e-10	1.020941e+01	5.983965e+01
3.080000e-06	1.229101e-09	4.742259e-10	1.033042e+01	6.080447e+01
3.090000e-06	1.243442e-09	4.815215e-10	1.045096e+01	6.177833e+01
3.100000e-06	1.257728e-09	4.905256e-10	1.057104e+01	6.276090e+01
3.110000e-06	1.271957e-09	4.979655e-10	1.069063e+01	6.375111e+01
3.120000e-06	1.286125e-09	5.035673e-10	1.080970e+01	6.474735e+01
3.130000e-06	1.300238e-09	5.082875e-10	1.092832e+01	6.574768e+01
3.140000e-06	1.314298e-09	5.156099e-10	1.104649e+01	6.675000e+01
3.150000e-06	1.328301e-09	5.275326e-10	1.116419e+01	6.775223e+01
3.160000e-06	1.342233e-09	5.382239e-10	1.128128e+01	6.875234e+01
3.170000e-06	1.356086e-09	5.461490e-10	1.139772e+01	6.974840e+01
3.180000e-06	1.369881e-09	5.538481e-10	1.151366e+01	7.073854e+01
3.190000e-06	1.383627e-09	5.609892e-10	1.162920e+01	7.172093e+01
3.200000e-06	1.397337e-09	5.663534e-10	1.174442e+01	7.269374e+01
3.210000e-06	1.411019e-09	5.712324e-10	1.185942e+01	7.365518e+01
3.220000e-06	1.424666e-09	5.792570e-10	1.197412e+01	7.460355e+01
3.230000e-06	1.438252e-09	5.932902e-10	1.208831e+01	7.553733e+01
3.240000e-06	1.451756e-09	6.093586e-10	1.220181e+01	7.645536e+01
3.250000e-06	1.465173e-09	6.189228e-10	1.231458e+01	7.735697e+01
3.260000e-06	1.478496e-09	6.229443e-10	1.242656e+01	7.824209e+01
3.270000e-06	1.491716e-09	6.267339e-10	1.253767e+01	7.911140e+01
3.280000e-06	1.504844e-09	6.317957e-10	1.264801e+01	7.996625e+01
3.290000e-06	1.517881e-09	6.361248e-10	1.275758e+01	8.080864e+01
3.300000e-06	1.530836e-09	6.403868e-10	1.286647e+01	8.164102e+01
3.310000e-06	1.543740e-09	6.481832e-10	1.297493e+01	8.246605e+01
3.320000e-06	1.556606e-09	6.619133e-10	1.308306e+01	8.328630e+01
3.330000e-06	1.569419e-09	6.750770e-10	1.319075e+01	8.410396e+01
3.340000e-06	1.582167e-09	6.796922e-10	1.329789e+01	8.492061e+01
3.350000e-06	1.594844e-09	6.777472e-10	1.340445e+01	8.573700e+01
3.360000e-06	1.607453e-09	6.790696e-10	1.351042e+01	8.655301e+01
3.370000e-06	1.620001e-09	6.896622e-10	1.361588e+01	8.736770e+01
3.380000e-06	1.632486e-09	7.015002e-10	1.372082e+01	8.817946e+01
3.390000e-06	1.644900e-09	7.082274e-10	1.382516e+01	8.898628e+01
3.400000e-06	1.657239e-09	7.118043e-10	1.392887e+01	8.978605e+01
3.410000e-06	1.669497e-09	7.169319e-10	1.403190e+01	9.057690e+01
3.420000e-06	1.681684e-09	7.236558e-10	1.413432e+01	9.135746e+01
3.430000e-06	1.693816e-09	7.297532e-10	1.423629e+01	9.212708e+01
3.440000e-06	1.705899e-09	7.375995e-10	1.433785e+01	9.288588e+01
3.450000e-06	1.717940e-09	7.494645e-10	1.443905e+01	9.363478e+01
3.460000e-06	1.729912e-09	7.641074e-10	1.453968e+01	9.437529e+01
3.470000e-06	1.741782e-09	7.741216e-10	1.463944e+01	9.510927e+01
3.480000e-06	1.753529e-09	7.756651e-10	1.473817e+01	9.583870e+01
3.490000e-06	1.765133e-09	7.745345e-10	1.483570e+01	9.656528e+01
3.500000e-06	1.776608e-09	7.770907e-10	1.493214e+01	9.729029e+01
3.510000e-06	1.787988e-09	7.856307e-10	1.502780e+01	9.801432e+01
3.520000e-06	1.799307e-09	7.966987e-10	1.512293e+01	9.873729e+01
3.530000e-06	1.810583e-09	8.075409e-10	1.521770e+01	9.945844e+01
3.540000e-06	1.821804e-09	8.156334e-10	1.531202e+01	1.001766e+02
3.550000e-06	1.832960e-09	8.210625e-10	1.540578e+01	1.008902e+02
3.560000e-06	1.844029e-09	8.251660e-10	1.549881e+01	1.015979e+02
3.570000e-06	1.855004e-09	8.252571e-10	1.559106e+01	1.022986e+02
3.580000e-06	1.865898e-09	8.261433e-10	1.568262e+01	1.029917e+02
3.590000e-06	1.876718e-09	8.326868e-10	1.577356e+01	1.036772e+02
3.600000e-06	1.887459e-09	8.453430e-10	1.586383e+01	1.043559e+02
3.610000e-06	1.898118e-09	8.586235e-10	1.595342e+01	1.050291e+02
3.620000e-06	1.908682e-09	8.658879e-10	1.604221e+01	1.056983e+02
3.630000e-06	1.919142e-09	8.684478e-10	1.613013e+01	1.063653e+02
3.640000e-06	1.929492e-09	8.690497e-10	1.621712e+01	1.070315e+02
3.650000e-06	1.939712e-09	8.715919e-10	1.630302e+01	1.076980e+02
3.660000e-06	1.949794e-09	8.772919e-10	1.638776e+01	1.083651e+02
3.670000e-06	1.959743e-09	8.851391e-10	1.647137e+01	1.090325e+02
3.680000e-06	1.969579e-09	8.936597e-10	1.655404e+01	1.096988e+02
3.690000e-06	1.979322e-09	9.027769e-10	1.663593e+01	1.103624e+02
3.700000e-06	1.988988e-09	9.116048e-10	1.671718e+01	1.110209e+02
3.710000e-06	1.998587e-09	9.180189e-10	1.679785e+01	1.116719e+02
3.720000e-06	2.008105e-09	9.240955e-10	1.687785e+01	1.123133e+02
3.730000e-06	2.017529e-09	9.294579e-10	1.695706e+01	1.129429e+02
3.740000e-06	2.026861e-09	9.349493e-10	1.703549e+01	1.135595e+02
3.750000e-06	2.036093e-09	9.422490e-10	1.711309e+01	1.141623e+02
3.760000e-06	2.045229e-09	9.498336e-10	1.718987e+01	1.147514e+02
3.770000e-06	2.054281e-09	9.560238e-10	1.726595e+01	1.153273e+02
3.780000e-06	2.063257e-09	9.608967e-10	1.734139e+01	1.158909e+02
3.790000e-06	2.072175e-09	9.649698e-10	1.741635e+01	1.164437e+02
3.800000e-06	2.081037e-09	9.664200e-10	1.749083e+01	1.169869e+02
3.810000e-06	2.089823e-09	9.691164e-10	1.756467e+01	1.175220e+02
3.820000e-06	2.098497e-09	9.737174e-10	1.763758e+01	1.180502e+02
3.830000e-06	2.107032e-09	9.780599e-10	1.770932e+01	1.185724e+02
3.840000e-06	2.115407e-09	9.806906e-10	1.777971e+01	1.190897e+02
3.850000e-06	2.123640e-09	9.819906e-10	1.784890e+01	1.196026e+02
3.860000e-06	2.131781e-09	9.869001e-10	1.791733e+01	1.201121e+02
3.870000e-06	2.139857e-09	9.939016e-10	1.798521e+01	1.206187e+02
3.880000e-06	2.147861e-09	1.000028e-09	1.805248e+01	1.211234e+02
3.890000e-06	2.155779e-09	1.004088e-09	1.811903e+01	1.216267e+02
3.900000e-06	2.163604e-09	1.006633e-09	1.818480e+01	1.221292e+02
3.910000e-06	2.171326e-09	1.009430e-09	1.824970e+01	1.226310e+02
3.920000e-06	2.178951e-09	1.011131e-09	1.831379e+01	1.231319e+02
3.930000e-06	2.186477e-09	1.013123e-09	1.837704e+01	1.236308e+02
3.940000e-06	2.193904e-09	1.017647e-09	1.843946e+01	1.241262e+02
3.950000e-06	2.201253e-09	1.025400e-09	1.850123e+01	1.246155e+02
3.960000e-06	2.208542e-09	1.033584e-09	1.856250e+01	1.250959e+02
3.970000e-06	2.215773e-09	1.038677e-09	1.862327e+01	1.255643e+02
3.980000e-06	2.222914e-09	1.042524e-09	1.868329e+01	1.260177e+02
3.990000e-06	2.229915e-09	1.048014e-09	1.874214e+01	1.264538e+02
4.000000e-06	2.236747e-09	1.053797e-09	1.879955e+01	1.268711e+02
4.010000e-06	2.243416e-09	1.054753e-09	1.885560e+01	1.272699e+02
4.020000e-06	2.249978e-09	1.052745e-09	1.891076e+01	1.276517e+02
4.030000e-06	2.256473e-09	1.052684e-09	1.896535e+01	1.280199e+02
4.040000e-06	2.262896e-09	1.055002e-09	1.901934e+01	1.283792e+02
4.050000e-06	2.269230e-09	1.059969e-09	1.907257e+01	1.287352e+02
4.060000e-06	2.275466e-09	1.065651e-09	1.912498e+01	1.290941e+02
4.070000e-06	2.281602e-09	1.070204e-09	1.917655e+01	1.294613e+02
4.080000e-06	2.287628e-09	1.074576e-09	1.922721e+01	1.298414e+02
4.090000e-06	2.293545e-09	1.079971e-09	1.927693e+01	1.302369e+02
4.100000e-06	2.299373e-09	1.082974e-09	1.932592e+01	1.306482e+02
4.110000e-06	2.305133e-09	1.082725e-09	1.937433e+01	1.310733e+02
4.120000e-06	2.310830e-09	1.085956e-09	1.942222e+01	1.315078e+02
4.130000e-06	2.316448e-09	1.095043e-09	1.946943e+01	1.319455e+02
4.140000e-06	2.321947e-09	1.106065e-09	1.951565e+01	1.323791e+02
4.150000e-06	2.327292e-09	1.114241e-09	1.956057e+01	1.328012e+02
4.160000e-06	2.332472e-09	1.118620e-09	1.960411e+01	1.332053e+02
4.170000e-06	2.337507e-09	1.121409e-09	1.964643e+01	1.335868e+02
4.180000e-06	2.342436e-09	1.125401e-09	1.968786e+01	1.339432e+02
4.190000e-06	2.347283e-09	1.129293e-09	1.972859e+01	1.342751e+02
4.200000e-06	2.352033e-09	1.132033e-09	1.976852e+01	1.345860e+02
4.210000e-06	2.356678e-09	1.135748e-09	1.980756e+01	1.348815e+02
4.220000e-06	2.361220e-09	1.141550e-09	1.984573e+01	1.351690e+02
4.230000e-06	2.365660e-09	1.146871e-09	1.988305e+01	1.354562e+02
4.240000e-06	2.369986e-09	1.149862e-09	1.991941e+01	1.357500e+02
4.250000e-06	2.374212e-09	1.152652e-09	1.995493e+01	1.360559e+02
4.260000e-06	2.378364e-09	1.156023e-09	1.998983e+01	1.363762e+02
4.270000e-06	2.382457e-09	1.158141e-09	2.002423e+01	1.367102e+02
4.280000e-06	2.386474e-09	1.158881e-09	2.005799e+01	1.370540e+02
4.290000e-06	2.390375e-09	1.160891e-09	2.009078e+01	1.374006e+02
4.300000e-06	2.394136e-09	1.164538e-09	2.012239e+01	1.377413e+02
4.310000e-06	2.397775e-09	1.168687e-09	2.015297e+01	1.380663e+02
4.320000e-06	2.401324e-09	1.172195e-09	2.018280e+01	1.383666e+02
4.330000e-06	2.404788e-09	1.173643e-09	2.021191e+01	1.386352e+02
4.340000e-06	2.408142e-09	1.173122e-09	2.024011e+01	1.388680e+02
4.350000e-06	2.411355e-09	1.172761e-09	2.026711e+01	1.390644e+02
4.360000e-06	2.414422e-09	1.174570e-09	2.029289e+01	1.392281e+02
4.370000e-06	2.417360e-09	1.176308e-09	2.031759e+01	1.393660e+02
4.380000e-06	2.420195e-09	1.177996e-09	2.034141e+01	1.394876e+02
4.390000e-06	2.422927e-09	1.181327e-09	2.036437e+01	1.396036e+02
4.400000e-06	2.425545e-09	1.184732e-09	2.038638e+01	1.397245e+02
4.410000e-06	2.428059e-09	1.188883e-09	2.040751e+01	1.398590e+02
4.420000e-06	2.430471e-09	1.190376e-09	2.042778e+01	1.400127e+02
4.430000e-06	2.432745e-09	1.187844e-09	2.044689e+01	1.401875e+02
4.440000e-06	2.434848e-09	1.186111e-09	2.046457e+01	1.403809e+02
4.450000e-06	2.436778e-09	1.186374e-09	2.048079e+01	1.405868e+02
4.460000e-06	2.438573e-09	1.187652e-09	2.049588e+01	1.407966e+02
4.470000e-06	2.440285e-09	1.188988e-09	2.051027e+01	1.410002e+02
4.480000e-06	2.441922e-09	1.191849e-09	2.052402e+01	1.411882e+02
4.490000e-06	2.443460e-09	1.193828e-09	2.053695e+01	1.413531e+02
4.500000e-06	2.444890e-09	1.193537e-09	2.054897e+01	1.414913e+02
4.510000e-06	2.446209e-09	1.191464e-09	2.056005e+01	1.416035e+02
4.520000e-06	2.447414e-09	1.189022e-09	2.057018e+01	1.416953e+02
4.530000e-06	2.448502e-09	1.189095e-09	2.057933e+01	1.417762e+02
4.540000e-06	2.449491e-09	1.189649e-09	2.058764e+01	1.418585e+02
4.550000e-06	2.450412e-09	1.191136e-09	2.059538e+01	1.419555e+02
4.560000e-06	2.451264e-09	1.193049e-09	2.060254e+01	1.420792e+02
4.570000e-06	2.452012e-09	1.194414e-09	2.060883e+01	1.422376e+02
4.580000e-06	2.452609e-09	1.195086e-09	2.061385e+01	1.424336e+02
4.590000e-06	2.453034e-09	1.195536e-09	2.061742e+01	1.426627e+02
4.600000e-06	2.453304e-09	1.196395e-09	2.061969e+01	1.429133e+02
4.610000e-06	2.453461e-09	1.195687e-09	2.062100e+01	1.431666e+02
4.620000e-06	2.453541e-09	1.196094e-09	2.062168e+01	1.433987e+02
4.630000e-06	2.453538e-09	1.198358e-09	2.062165e+01	1.435824e+02
4.640000e-06	2.453430e-09	1.204313e-09	2.062074e+01	1.436906e+02
4.650000e-06	2.453219e-09	1.218315e-09	2.061898e+01	1.436993e+02
4.660000e-06	2.452927e-09	1.228692e-09	2.061652e+01	1.435907e+02
4.670000e-06	2.452567e-09	1.218312e-09	2.061350e+01	1.433557e+02
4.680000e-06	2.452153e-09	1.184232e-09	2.061002e+01	1.429958e+02
4.690000e-06	2.451700e-09	1.117911e-09	2.060620e+01	1.425230e+02
4.700000e-06	2.451129e-09	1.093499e-09	2.060141e+01	1.419596e+02
4.710000e-06	2.450261e-09	1.202835e-09	2.059411e+01	1.413360e+02
4.720000e-06	2.449049e-09	1.231876e-09	2.058393e+01	1.406880e+02
4.730000e-06	2.447666e-09	1.206468e-09	2.057230e+01	1.400530e+02
4.740000e-06	2.446239e-09	1.258471e-09	2.056031e+01	1.394664e+02
4.750000e-06	2.444796e-09	1.258541e-09	2.054818e+01	1.389584e+02
4.760000e-06	2.443320e-09	1.185286e-09	2.053577e+01	1.385506e+02
4.770000e-06	2.441780e-09	1.108119e-09	2.052283e+01	1.382544e+02
4.780000e-06	2.440136e-09	1.144741e-09	2.050902e+01	1.380700e+02
4.790000e-06	2.438354e-09	1.196471e-09	2.049404e+01	1.379876e+02
4.800000e-06	2.436471e-09	1.196933e-09	2.047821e+01	1.379881e+02
4.810000e-06	2.434501e-09	1.212664e-09	2.046165e+01	1.380468e+02
4.820000e-06	2.432427e-09	1.232556e-09	2.044422e+01	1.381355e+02
4.830000e-06	2.430255e-09	1.230123e-09	2.042597e+01	1.382266e+02
4.840000e-06	2.427994e-09	1.159177e-09	2.040696e+01	1.382958e+02
4.850000e-06	2.425612e-09	1.132554e-09	2.038694e+01	1.383248e+02
4.860000e-06	2.423024e-09	1.171682e-09	2.036519e+01	1.383023e+02
4.870000e-06	2.420217e-09	1.214417e-09	2.034160e+01	1.382251e+02
4.880000e-06	2.417260e-09	1.229804e-09	2.031674e+01	1.380975e+02
4.890000e-06	2.414215e-09	1.209868e-09	2.029115e+01	1.379293e+02
4.900000e-06	2.411086e-09	1.215727e-09	2.026485e+01	1.377344e+02
4.910000e-06	2.407850e-09	1.198963e-09	2.023765e+01	1.375278e+02
4.920000e-06	2.404507e-09	1.174332e-09	2.020956e+01	1.373237e+02
4.930000e-06	2.401066e-09	1.158827e-09	2.018064e+01	1.371331e+02
4.940000e-06	2.397516e-09	1.191007e-09	2.015080e+01	1.369624e+02
4.950000e-06	2.393835e-09	1.233247e-09	2.011986e+01	1.368133e+02
4.960000e-06	2.390057e-09	1.215759e-09	2.008810e+01	1.366823e+02
4.970000e-06	2.386220e-09	1.195615e-09	2.005586e+01	1.365621e+02
4.980000e-06	2.382329e-09	1.190847e-09	2.002315e+01	1.364428e+02
4.990000e-06	2.378357e-09	1.189674e-09	1.998977e+01	1.363141e+02
5.000000e-06	2.374260e-09	1.160194e-09	1.995533e+01	1.361666e+02
5.010000e-06	2.370006e-09	1.161145e-09	1.991958e+01	1.359938e+02
5.020000e-06	2.365582e-09	1.199416e-09	1.988240e+01	1.357930e+02
5.030000e-06	2.361014e-09	1.204316e-09	1.984401e+01	1.355652e+02
5.040000e-06	2.356355e-09	1.181834e-09	1.980485e+01	1.353157e+02
5.050000e-06	2.351628e-09	1.174542e-09	1.976511e+01	1.350522e+02
5.060000e-06	2.346808e-09	1.192674e-09	1.972461e+01	1.347843e+02
5.070000e-06	2.341881e-09	1.170409e-09	1.968319e+01	1.345214e+02
5.080000e-06	2.336848e-09	1.148723e-09	1.964089e+01	1.342711e+02
5.090000e-06	2.331687e-09	1.169719e-09	1.959752e+01	1.340385e+02
5.100000e-06	2.326409e-09	1.191908e-09	1.955315e+01	1.338245e+02
5.110000e-06	2.321038e-09	1.181599e-09	1.950801e+01	1.336266e+02
5.120000e-06	2.315587e-09	1.166234e-09	1.946220e+01	1.334383e+02
5.130000e-06	2.310061e-09	1.179696e-09	1.941575e+01	1.332510e+02
5.140000e-06	2.304445e-09	1.167355e-09	1.936854e+01	1.330547e+02
5.150000e-06	2.298712e-09	1.146313e-09	1.932036e+01	1.328398e+02
5.160000e-06	2.292821e-09	1.148934e-09	1.927085e+01	1.325988e+02
5.170000e-06	2.286772e-09	1.161095e-09	1.922001e+01	1.323270e+02
5.180000e-06	2.280602e-09	1.154070e-09	1.916815e+01	1.320240e+02
5.190000e-06	2.274338e-09	1.147278e-09	1.911551e+01	1.316931e+02
5.200000e-06	2.267987e-09	1.167977e-09	1.906212e+01	1.313412e+02
5.210000e-06	2.261544e-09	1.163296e-09	1.900797e+01	1.309782e+02
5.220000e-06	2.255012e-09	1.143070e-09	1.895307e+01	1.306149e+02
5.230000e-06	2.248388e-09	1.135865e-09	1.889740e+01	1.302617e+02
5.240000e-06	2.241671e-09	1.134664e-09	1.884094e+01	1.299276e+02
5.250000e-06	2.234862e-09	1.122323e-09	1.878371e+01	1.296180e+02
5.260000e-06	2.227962e-09	1.116130e-09	1.872572e+01	1.293347e+02
5.270000e-06	2.220966e-09	1.130892e-09	1.866692e+01	1.290749e+02
5.280000e-06	2.213894e-09	1.132350e-09	1.860748e+01	1.288324e+02
5.290000e-06	2.206764e-09	1.129392e-09	1.854755e+01	1.285976e+02
5.300000e-06	2.199544e-09	1.131357e-09	1.848687e+01	1.283593e+02
5.310000e-06	2.192168e-09	1.128697e-09	1.842488e+01	1.281061e+02
5.320000e-06	2.184621e-09	1.114156e-09	1.836144e+01	1.278279e+02
5.330000e-06	2.176928e-09	1.106552e-09	1.829679e+01	1.275170e+02
5.340000e-06	2.169120e-09	1.109342e-09	1.823116e+01	1.271695e+02
5.350000e-06	2.161234e-09	1.104395e-09	1.816488e+01	1.267854e+02
5.360000e-06	2.153277e-09	1.107290e-09	1.809800e+01	1.263685e+02
5.370000e-06	2.145234e-09	1.115811e-09	1.803040e+01	1.259259e+02
5.380000e-06	2.137091e-09	1.116960e-09	1.796196e+01	1.254668e+02
5.390000e-06	2.128853e-09	1.106659e-09	1.789272e+01	1.250015e+02
5.400000e-06	2.120529e-09	1.100145e-09	1.782276e+01	1.245395e+02
5.410000e-06	2.112120e-09	1.094007e-09	1.775209e+01	1.240889e+02
5.420000e-06	2.103626e-09	1.083190e-09	1.768069e+01	1.236551e+02
5.430000e-06	2.095047e-09	1.082026e-09	1.760859e+01	1.232402e+02
5.440000e-06	2.086399e-09	1.080212e-09	1.753590e+01	1.228433e+02
5.450000e-06	2.077695e-09	1.075743e-09	1.746274e+01	1.224604e+02
5.460000e-06	2.068922e-09	1.073423e-09	1.738901e+01	1.220858e+02
5.470000e-06	2.060057e-09	1.075140e-09	1.731450e+01	1.217123e+02
5.480000e-06	2.051088e-09	1.071905e-09	1.723912e+01	1.213330e+02
5.490000e-06	2.042015e-09	1.067857e-09	1.716286e+01	1.209420e+02
5.500000e-06	2.032836e-09	1.071037e-09	1.708571e+01	1.205352e+02
5.510000e-06	2.023567e-09	1.069799e-09	1.700781e+01	1.201108e+02
5.520000e-06	2.014215e-09	1.064567e-09	1.692920e+01	1.196694e+02
5.530000e-06	2.004776e-09	1.057902e-09	1.684987e+01	1.192139e+02
5.540000e-06	1.995228e-09	1.053750e-09	1.676962e+01	1.187484e+02
5.550000e-06	1.985554e-09	1.051381e-09	1.668831e+01	1.182782e+02
5.560000e-06	1.975770e-09	1.050454e-09	1.660608e+01	1.178082e+02
5.570000e-06	1.965894e-09	1.051775e-09	1.652308e+01	1.173425e+02
5.580000e-06	1.955936e-09	1.052030e-09	1.643938e+01	1.168837e+02
5.590000e-06	1.945889e-09	1.051667e-09	1.635493e+01	1.164324e+02
5.600000e-06	1.935741e-09	1.045702e-09	1.626964e+01	1.159871e+02
5.610000e-06	1.925501e-09	1.033793e-09	1.618358e+01	1.155447e+02
5.620000e-06	1.915176e-09	1.021374e-09	1.609680e+01	1.151005e+02
5.630000e-06	1.904763e-09	1.017187e-09	1.600928e+01	1.146490e+02
5.640000e-06	1.894235e-09	1.018929e-09	1.592079e+01	1.141847e+02
5.650000e-06	1.883565e-09	1.020266e-09	1.583111e+01	1.137028e+02
5.660000e-06	1.872747e-09	1.017310e-09	1.574019e+01	1.131994e+02
5.670000e-06	1.861814e-09	1.008539e-09	1.564829e+01	1.126723e+02
5.680000e-06	1.850803e-09	1.000042e-09	1.555575e+01	1.121208e+02
5.690000e-06	1.839727e-09	9.892515e-10	1.546266e+01	1.115458e+02
5.700000e-06	1.828592e-09	9.793449e-10	1.536907e+01	1.109496e+02
5.710000e-06	1.817387e-09	9.721337e-10	1.527489e+01	1.103354e+02
5.720000e-06	1.806099e-09	9.693448e-10	1.518002e+01	1.097070e+02
5.730000e-06	1.794730e-09	9.716783e-10	1.508446e+01	1.090685e+02
5.740000e-06	1.783282e-09	9.725293e-10	1.498824e+01	1.084235e+02
5.750000e-06	1.771757e-09	9.691343e-10	1.489138e+01	1.077755e+02
5.760000e-06	1.760149e-09	9.576434e-10	1.479381e+01	1.071275e+02
5.770000e-06	1.748456e-09	9.442787e-10	1.469554e+01	1.064817e+02
5.780000e-06	1.736685e-09	9.325551e-10	1.459660e+01	1.058401e+02
5.790000e-06	1.724840e-09	9.256628e-10	1.449705e+01	1.052042e+02
5.800000e-06	1.712944e-09	9.249378e-10	1.439707e+01	1.045751e+02
5.810000e-06	1.701009e-09	9.262594e-10	1.429676e+01	1.039537e+02
5.820000e-06	1.689008e-09	9.260128e-10	1.419589e+01	1.033405e+02
5.830000e-06	1.676919e-09	9.213030e-10	1.409428e+01	1.027357e+02
5.840000e-06	1.664725e-09	9.150622e-10	1.399179e+01	1.021386e+02
5.850000e-06	1.652422e-09	9.047667e-10	1.388839e+01	1.015483e+02
5.860000e-06	1.640000e-09	8.947250e-10	1.378398e+01	1.009626e+02
5.870000e-06	1.627468e-09	8.890851e-10	1.367865e+01	1.003787e+02
5.880000e-06	1.614863e-09	8.890431e-10	1.357270e+01	9.979313e+01
5.890000e-06	1.602205e-09	8.904910e-10	1.346632e+01	9.920202e+01
5.900000e-06	1.589501e-09	8.855819e-10	1.335955e+01	9.860135e+01
5.910000e-06	1.576746e-09	8.780541e-10	1.325234e+01	9.798753e+01
5.920000e-06	1.563920e-09	8.700726e-10	1.314453e+01	9.735786e+01
5.930000e-06	1.551012e-09	8.618798e-10	1.303605e+01	9.671093e+01
5.940000e-06	1.538045e-09	8.510996e-10	1.292706e+01	9.604696e+01
5.950000e-06	1.525015e-09	8.407130e-10	1.281755e+01	9.536800e+01
5.960000e-06	1.511911e-09	8.348578e-10	1.270741e+01	9.467778e+01
5.970000e-06	1.498735e-09	8.319934e-10	1.259667e+01	9.398149e+01
5.980000e-06	1.485487e-09	8.308846e-10	1.248532e+01	9.328522e+01
5.990000e-06	1.472172e-09	8.263747e-10	1.237341e+01	9.259534e+01
6.000000e-06	1.458798e-09	8.200702e-10	1.226100e+01	9.191778e+01
6.010000e-06	1.445369e-09	8.140702e-10	1.214813e+01	9.125725e+01
6.020000e-06	1.431894e-09	8.090868e-10	1.203488e+01	9.061668e+01
6.030000e-06	1.418380e-09	8.038140e-10	1.192129e+01	8.999678e+01
6.040000e-06	1.404833e-09	7.971892e-10	1.180743e+01	8.939589e+01
6.050000e-06	1.391240e-09	7.934687e-10	1.169318e+01	8.881008e+01
6.060000e-06	1.377567e-09	7.907827e-10	1.157827e+01	8.823351e+01
6.070000e-06	1.363803e-09	7.875625e-10	1.146258e+01	8.765909e+01
6.080000e-06	1.349944e-09	7.836208e-10	1.134610e+01	8.707917e+01
6.090000e-06	1.335971e-09	7.808478e-10	1.122866e+01	8.648637e+01
6.100000e-06	1.321899e-09	7.765515e-10	1.111039e+01	8.587434e+01
6.110000e-06	1.307751e-09	7.686680e-10	1.099148e+01	8.523833e+01
6.120000e-06	1.293543e-09	7.619123e-10	1.087206e+01	8.457559e+01
6.130000e-06	1.279298e-09	7.555179e-10	1.075233e+01	8.388555e+01
6.140000e-06	1.265016e-09	7.505660e-10	1.063229e+01	8.316963e+01
6.150000e-06	1.250697e-09	7.457224e-10	1.051194e+01	8.243095e+01
6.160000e-06	1.236337e-09	7.423801e-10	1.039125e+01	8.167378e+01
6.170000e-06	1.221930e-09	7.400804e-10	1.027016e+01	8.090296e+01
6.180000e-06	1.207467e-09	7.339710e-10	1.014860e+01	8.012332e+01
6.190000e-06	1.192943e-09	7.232009e-10	1.002653e+01	7.933913e+01
6.200000e-06	1.178360e-09	7.080588e-10	9.903960e+00	7.855379e+01
6.210000e-06	1.163717e-09	6.985557e-10	9.780888e+00	7.776962e+01
6.220000e-06	1.149027e-09	6.928204e-10	9.657420e+00	7.698787e+01
6.230000e-06	1.134296e-09	6.858307e-10	9.533605e+00	7.620891e+01
6.240000e-06	1.119520e-09	6.798639e-10	9.409420e+00	7.543250e+01
6.250000e-06	1.104701e-09	6.747328e-10	9.284869e+00	7.465814e+01
6.260000e-06	1.089835e-09	6.691396e-10	9.159915e+00	7.388536e+01
6.270000e-06	1.074920e-09	6.605946e-10	9.034558e+00	7.311397e+01
6.280000e-06	1.059949e-09	6.542435e-10	8.908733e+00	7.234415e+01
6.290000e-06	1.044928e-09	6.488868e-10	8.782480e+00	7.157640e+01
6.300000e-06	1.029867e-09	6.439802e-10	8.655896e+00	7.081142e+01
6.310000e-06	1.014766e-09	6.399702e-10	8.528972e+00	7.004978e+01
6.320000e-06	9.996202e-10	6.316615e-10	8.401675e+00	6.929165e+01
6.330000e-06	9.844208e-10	6.212128e-10	8.273926e+00	6.853655e+01
6.340000e-06	9.691583e-10	6.105847e-10	8.145647e+00	6.778308e+01
6.350000e-06	9.538167e-10	6.023466e-10	8.016703e+00	6.702894e+01
6.360000e-06	9.383975e-10	5.963305e-10	7.887106e+00	6.627099e+01
6.370000e-06	9.229077e-10	5.914457e-10	7.756917e+00	6.550553e+01
6.380000e-06	9.073381e-10	5.870866e-10	7.626057e+00	6.472874e+01
6.390000e-06	8.917000e-10	5.814312e-10	7.494620e+00	6.393708e+01
6.400000e-06	8.760114e-10	5.749911e-10	7.362760e+00	6.312789e+01
6.410000e-06	8.602686e-10	5.649644e-10	7.230444e+00	6.229976e+01
6.420000e-06	8.444778e-10	5.528427e-10	7.097724e+00	6.145285e+01
6.430000e-06	8.286595e-10	5.404739e-10	6.964774e+00	6.058905e+01
6.440000e-06	8.128182e-10	5.324367e-10	6.831629e+00	5.971183e+01
6.450000e-06	7.969530e-10	5.300340e-10	6.698285e+00	5.882602e+01
6.460000e-06	7.810692e-10	5.270113e-10	6.564783e+00	5.793728e+01
6.470000e-06	7.651688e-10	5.190778e-10	6.431143e+00	5.705153e+01
6.480000e-06	7.492493e-10	5.078579e-10	6.297342e+00	5.617434e+01
6.490000e-06	7.333161e-10	4.991669e-10	6.163425e+00	5.531031e+01
6.500000e-06	7.173614e-10	4.937897e-10	6.029328e+00	5.446260e+01
6.510000e-06	7.013726e-10	4.881416e-10	5.894944e+00	5.363263e+01
6.520000e-06	6.853500e-10	4.805867e-10	5.760277e+00	5.281995e+01
6.530000e-06	6.692868e-10	4.751047e-10	5.625267e+00	5.202239e+01
6.540000e-06	6.531844e-10	4.696072e-10	5.489929e+00	5.123630e+01
6.550000e-06	6.370559e-10	4.615022e-10	5.354371e+00	5.045707e+01
6.560000e-06	6.208983e-10	4.517793e-10	5.218569e+00	4.967960e+01
6.570000e-06	6.047048e-10	4.404139e-10	5.082465e+00	4.889883e+01
6.580000e-06	5.884822e-10	4.324863e-10	4.946116e+00	4.811026e+01
6.590000e-06	5.722362e-10	4.272859e-10	4.809570e+00	4.731026e+01
6.600000e-06	5.559725e-10	4.210915e-10	4.672876e+00	4.649633e+01
6.610000e-06	5.396949e-10	4.126535e-10	4.536065e+00	4.566713e+01
6.620000e-06	5.234029e-10	4.042698e-10	4.399133e+00	4.482242e+01
6.630000e-06	5.070893e-10	3.969535e-10	4.262020e+00	4.396289e+01
6.640000e-06	4.907540e-10	3.873462e-10	4.124723e+00	4.308987e+01
6.650000e-06	4.744021e-10	3.756841e-10	3.987288e+00	4.220508e+01
6.660000e-06	4.580358e-10	3.647865e-10	3.849731e+00	4.131042e+01
6.670000e-06	4.416498e-10	3.572159e-10	3.712009e+00	4.040772e+01
6.680000e-06	4.252480e-10	3.514635e-10	3.574154e+00	3.949869e+01
6.690000e-06	4.088293e-10	3.456644e-10	3.436157e+00	3.858486e+01
6.700000e-06	3.923889e-10	3.384772e-10	3.297978e+00	3.766763e+01
6.710000e-06	3.759376e-10	3.311855e-10	3.159707e+00	3.674828e+01
6.720000e-06	3.594766e-10	3.243043e-10	3.021355e+00	3.582806e+01
6.730000e-06	3.429985e-10	3.148587e-10	2.882858e+00	3.490820e+01
6.740000e-06	3.264927e-10	3.058931e-10	2.744129e+00	3.398990e+01
6.750000e-06	3.099724e-10	3.001556e-10	2.605278e+00	3.307422e+01
6.760000e-06	2.934523e-10	2.968655e-10	2.466430e+00	3.216199e+01
6.770000e-06	2.769249e-10	2.926385e-10	2.327518e+00	3.125366e+01
6.780000e-06	2.603786e-10	2.840931e-10	2.188449e+00	3.034918e+01
6.790000e-06	2.438152e-10	2.728335e-10	2.049236e+00	2.944794e+01
6.800000e-06	2.272379e-10	2.631505e-10	1.909906e+00	2.854874e+01
6.810000e-06	2.106484e-10	2.559186e-10	1.770474e+00	2.764991e+01
6.820000e-06	1.940532e-10	2.490396e-10	1.630993e+00	2.674950e+01
6.830000e-06	1.774504e-10	2.413426e-10	1.491449e+00	2.584556e+01
6.840000e-06	1.608460e-10	2.314761e-10	1.351891e+00	2.493642e+01
6.850000e-06	1.442362e-10	2.220947e-10	1.212288e+00	2.402101e+01
6.860000e-06	1.276178e-10	2.133570e-10	1.072612e+00	2.309908e+01
6.870000e-06	1.110015e-10	2.008038e-10	9.329553e-01	2.217129e+01
6.880000e-06	9.437973e-11	1.896382e-10	7.932511e-01	2.123926e+01
6.890000e-06	7.775707e-11	1.826960e-10	6.535399e-01	2.030527e+01
6.900000e-06	6.113885e-11	1.784085e-10	5.138659e-01	1.937203e+01
6.910000e-06	4.451990e-11	1.727367e-10	3.741858e-01	1.844212e+01
6.920000e-06	2.790838e-11	1.635168e-10	2.345683e-01	1.751760e+01
6.930000e-06	1.129476e-11	1.568986e-10	9.493306e-02	1.659948e+01
6.940000e-06	-5.332611e-12	1.513240e-10	-4.481779e-02	1.568737e+01
6.950000e-06	-2.195997e-11	1.447249e-10	-1.845685e-01	1.477929e+01
6.960000e-06	-3.858476e-11	1.361880e-10	-3.242977e-01	1.387175e+01
6.970000e-06	-5.521042e-11	1.279261e-10	-4.640342e-01	1.295995e+01
6.980000e-06	-7.183030e-11	1.208960e-10	-6.037220e-01	1.203836e+01
6.990000e-06	-8.844576e-11	1.116744e-10	-7.433727e-01	1.110131e+01
7.000000e-06	-1.050566e-10	1.003551e-10	-8.829849e-01	1.014379e+01
7.010000e-06	-1.216612e-10	8.623338e-11	-1.022544e+00	9.162141e+00
7.020000e-06	-1.382629e-10	7.631705e-11	-1.162079e+00	8.154674e+00
7.030000e-06	-1.548555e-10	7.140206e-11	-1.301537e+00	7.122040e+00
7.040000e-06	-1.714443e-10	6.581076e-11	-1.440965e+00	6.067337e+00
7.050000e-06	-1.880337e-10	5.848287e-11	-1.580396e+00	4.995874e+00
7.060000e-06	-2.046114e-10	4.700894e-11	-1.719729e+00	3.914653e+00
7.070000e-06	-2.211796e-10	3.394926e-11	-1.858982e+00	2.831588e+00
7.080000e-06	-2.377413e-10	1.948621e-11	-1.998182e+00	1.754582e+00
7.090000e-06	-2.542874e-10	5.377469e-12	-2.137249e+00	6.905731e-01
7.100000e-06	-2.708072e-10	-5.955433e-12	-2.276096e+00	-3.553210e-01
7.110000e-06	-2.873116e-10	-1.398395e-11	-2.414813e+00	-1.380438e+00
7.120000e-06	-3.038048e-10	-1.783842e-11	-2.553436e+00	-2.384890e+00
7.130000e-06	-3.202854e-10	-2.215393e-11	-2.691954e+00	-3.371518e+00
7.140000e-06	-3.367516e-10	-2.991384e-11	-2.830350e+00	-4.345479e+00
7.150000e-06	-3.531970e-10	-4.146228e-11	-2.968571e+00	-5.313513e+00
7.160000e-06	-3.696180e-10	-5.208155e-11	-3.106587e+00	-6.282994e+00
7.170000e-06	-3.860172e-10	-6.138966e-11	-3.244420e+00	-7.260879e+00
7.180000e-06	-4.024061e-10	-7.046147e-11	-3.382167e+00	-8.252711e+00
7.190000e-06	-4.187835e-10	-7.766655e-11	-3.519817e+00	-9.261818e+00
7.200000e-06	-4.351407e-10	-8.561298e-11	-3.657297e+00	-1.028881e+01
7.210000e-06	-4.514773e-10	-9.342261e-11	-3.794604e+00	-1.133145e+01
7.220000e-06	-4.678022e-10	-1.010117e-10	-3.931812e+00	-1.238496e+01
7.230000e-06	-4.841113e-10	-1.083177e-10	-4.068888e+00	-1.344263e+01
7.240000e-06	-5.003999e-10	-1.166301e-10	-4.205792e+00	-1.449677e+01
7.250000e-06	-5.166716e-10	-1.259491e-10	-4.342553e+00	-1.553977e+01
7.260000e-06	-5.329263e-10	-1.361643e-10	-4.479172e+00	-1.656523e+01
7.270000e-06	-5.491599e-10	-1.471155e-10	-4.615613e+00	-1.756882e+01
7.280000e-06	-5.653674e-10	-1.554871e-10	-4.751835e+00	-1.854900e+01
7.290000e-06	-5.815538e-10	-1.648529e-10	-4.887879e+00	-1.950728e+01
7.300000e-06	-5.977192e-10	-1.768075e-10	-5.023747e+00	-2.044813e+01
7.310000e-06	-6.138492e-10	-1.870280e-10	-5.159318e+00	-2.137839e+01
7.320000e-06	-6.299480e-10	-1.945372e-10	-5.294625e+00	-2.230647e+01
7.330000e-06	-6.460197e-10	-2.011202e-10	-5.429706e+00	-2.324126e+01
7.340000e-06	-6.620584e-10	-2.086382e-10	-5.564509e+00	-2.419100e+01
7.350000e-06	-6.780675e-10	-2.166964e-10	-5.699064e+00	-2.516222e+01
7.360000e-06	-6.940434e-10	-2.256731e-10	-5.833339e+00	-2.615892e+01
7.370000e-06	-7.099924e-10	-2.356835e-10	-5.967389e+00	-2.718203e+01
7.380000e-06	-7.259231e-10	-2.459789e-10	-6.101284e+00	-2.822937e+01
7.390000e-06	-7.418328e-10	-2.550577e-10	-6.235003e+00	-2.929592e+01
7.400000e-06	-7.577252e-10	-2.615924e-10	-6.368576e+00	-3.037446e+01
7.410000e-06	-7.735981e-10	-2.656718e-10	-6.501985e+00	-3.145654e+01
7.420000e-06	-7.894427e-10	-2.686608e-10	-6.635158e+00	-3.253349e+01
7.430000e-06	-8.052559e-10	-2.753618e-10	-6.768066e+00	-3.359753e+01
7.440000e-06	-8.210282e-10	-2.858056e-10	-6.900629e+00	-3.464262e+01
7.450000e-06	-8.367548e-10	-2.965658e-10	-7.032809e+00	-3.566515e+01
7.460000e-06	-8.524421e-10	-3.050707e-10	-7.164659e+00	-3.666424e+01
7.470000e-06	-8.680750e-10	-3.103252e-10	-7.296052e+00	-3.764172e+01
7.480000e-06	-8.836345e-10	-3.139703e-10	-7.426827e+00	-3.860167e+01
7.490000e-06	-8.991133e-10	-3.199240e-10	-7.556924e+00	-3.954985e+01
7.500000e-06	-9.145236e-10	-3.289290e-10	-7.686445e+00	-4.049279e+01
7.510000e-06	-9.298753e-10	-3.380051e-10	-7.815475e+00	-4.143692e+01
7.520000e-06	-9.451660e-10	-3.493835e-10	-7.943990e+00	-4.238777e+01
7.530000e-06	-9.603909e-10	-3.622676e-10	-8.071954e+00	-4.334928e+01
7.540000e-06	-9.755590e-10	-3.765182e-10	-8.199440e+00	-4.432343e+01
7.550000e-06	-9.906844e-10	-3.884234e-10	-8.326566e+00	-4.531013e+01
7.560000e-06	-1.005759e-09	-3.949723e-10	-8.453270e+00	-4.630739e+01
7.570000e-06	-1.020789e-09	-4.004306e-10	-8.579588e+00	-4.731174e+01
7.580000e-06	-1.035773e-09	-4.070564e-10	-8.705527e+00	-4.831882e+01
7.590000e-06	-1.050708e-09	-4.159235e-10	-8.831055e+00	-4.932405e+01
7.600000e-06	-1.065590e-09	-4.254870e-10	-8.956141e+00	-5.032329e+01
7.610000e-06	-1.080416e-09	-4.350021e-10	-9.080751e+00	-5.131334e+01
7.620000e-06	-1.095193e-09	-4.435094e-10	-9.204944e+00	-5.229238e+01
7.630000e-06	-1.109922e-09	-4.518270e-10	-9.328745e+00	-5.326006e+01
7.640000e-06	-1.124614e-09	-4.593282e-10	-9.452224e+00	-5.421749e+01
7.650000e-06	-1.139265e-09	-4.651751e-10	-9.575364e+00	-5.516698e+01
7.660000e-06	-1.153856e-09	-4.711849e-10	-9.697998e+00	-5.611167e+01
7.670000e-06	-1.168393e-09	-4.773106e-10	-9.820181e+00	-5.705510e+01
7.680000e-06	-1.182885e-09	-4.864954e-10	-9.941989e+00	-5.800072e+01
7.690000e-06	-1.197320e-09	-4.994229e-10	-1.006331e+01	-5.895151e+01
7.700000e-06	-1.211702e-09	-5.120075e-10	-1.018419e+01	-5.990969e+01
7.710000e-06	-1.226046e-09	-5.206783e-10	-1.030475e+01	-6.087655e+01
7.720000e-06	-1.240356e-09	-5.267398e-10	-1.042502e+01	-6.185245e+01
7.730000e-06	-1.254635e-09	-5.331242e-10	-1.054504e+01	-6.283685e+01
7.740000e-06	-1.268877e-09	-5.390885e-10	-1.066474e+01	-6.382853e+01
7.750000e-06	-1.283070e-09	-5.452079e-10	-1.078403e+01	-6.482578e+01
7.760000e-06	-1.297202e-09	-5.525065e-10	-1.090280e+01	-6.582660e+01
7.770000e-06	-1.311256e-09	-5.654222e-10	-1.102093e+01	-6.682889e+01
7.780000e-06	-1.325208e-09	-5.815852e-10	-1.113819e+01	-6.783058e+01
7.790000e-06	-1.339050e-09	-5.938868e-10	-1.125453e+01	-6.882965e+01
7.800000e-06	-1.352795e-09	-6.011954e-10	-1.137006e+01	-6.982420e+01
7.810000e-06	-1.366461e-09	-6.059303e-10	-1.148492e+01	-7.081237e+01
7.820000e-06	-1.380055e-09	-6.137005e-10	-1.159918e+01	-7.179233e+01
7.830000e-06	-1.393587e-09	-6.228375e-10	-1.171291e+01	-7.276226e+01
7.840000e-06	-1.407082e-09	-6.331952e-10	-1.182633e+01	-7.372038e+01
7.850000e-06	-1.420544e-09	-6.456836e-10	-1.193948e+01	-7.466503e+01
7.860000e-06	-1.433960e-09	-6.559083e-10	-1.205224e+01	-7.559477e+01
7.870000e-06	-1.447317e-09	-6.614529e-10	-1.216450e+01	-7.650853e+01
7.880000e-06	-1.460606e-09	-6.616503e-10	-1.227619e+01	-7.740579e+01
7.890000e-06	-1.473824e-09	-6.620873e-10	-1.238729e+01	-7.828667e+01
7.900000e-06	-1.486981e-09	-6.659519e-10	-1.249787e+01	-7.915200e+01
7.910000e-06	-1.500080e-09	-6.744667e-10	-1.260797e+01	-8.000332e+01
7.920000e-06	-1.513116e-09	-6.893880e-10	-1.271753e+01	-8.084277e+01
7.930000e-06	-1.526079e-09	-7.057106e-10	-1.282648e+01	-8.167286e+01
7.940000e-06	-1.538959e-09	-7.195441e-10	-1.293474e+01	-8.249626e+01
7.950000e-06	-1.551776e-09	-7.276013e-10	-1.304247e+01	-8.331547e+01
7.960000e-06	-1.564537e-09	-7.300121e-10	-1.314972e+01	-8.413256e+01
7.970000e-06	-1.577240e-09	-7.294191e-10	-1.325649e+01	-8.494890e+01
7.980000e-06	-1.589904e-09	-7.292071e-10	-1.336293e+01	-8.576504e+01
7.990000e-06	-1.602522e-09	-7.361948e-10	-1.346898e+01	-8.658064e+01
8.000000e-06	-1.615073e-09	-7.488917e-10	-1.357447e+01	-8.739456e+01
8.010000e-06	-1.627536e-09	-7.644813e-10	-1.367922e+01	-8.820508e+01
8.020000e-06	-1.639896e-09	-7.797851e-10	-1.378310e+01	-8.901013e+01
8.030000e-06	-1.652140e-09	-7.884855e-10	-1.388601e+01	-8.980763e+01
8.040000e-06	-1.664263e-09	-7.901455e-10	-1.398790e+01	-9.059581e+01
8.050000e-06	-1.676284e-09	-7.895503e-10	-1.408894e+01	-9.137346e+01
8.060000e-06	-1.688233e-09	-7.925208e-10	-1.418937e+01	-9.214013e+01
8.070000e-06	-1.700135e-09	-7.983383e-10	-1.428940e+01	-9.289614e+01
8.080000e-06	-1.711992e-09	-8.073498e-10	-1.438906e+01	-9.364258e+01
8.090000e-06	-1.723786e-09	-8.174575e-10	-1.448818e+01	-9.438107e+01
8.100000e-06	-1.735509e-09	-8.266614e-10	-1.458671e+01	-9.511353e+01
8.110000e-06	-1.747160e-09	-8.337081e-10	-1.468464e+01	-9.584189e+01
8.120000e-06	-1.758732e-09	-8.352716e-10	-1.478190e+01	-9.656779e+01
8.130000e-06	-1.770223e-09	-8.354767e-10	-1.487849e+01	-9.729232e+01
8.140000e-06	-1.781628e-09	-8.379534e-10	-1.497434e+01	-9.801592e+01
8.150000e-06	-1.792948e-09	-8.430466e-10	-1.506949e+01	-9.873832e+01
8.160000e-06	-1.804181e-09	-8.490026e-10	-1.516389e+01	-9.945864e+01
8.170000e-06	-1.815334e-09	-8.577632e-10	-1.525763e+01	-1.001756e+02
8.180000e-06	-1.826441e-09	-8.688342e-10	-1.535099e+01	-1.008876e+02
8.190000e-06	-1.837493e-09	-8.775070e-10	-1.544388e+01	-1.015935e+02
8.200000e-06	-1.848472e-09	-8.835707e-10	-1.553615e+01	-1.022921e+02
8.210000e-06	-1.859363e-09	-8.869129e-10	-1.562769e+01	-1.029830e+02
8.220000e-06	-1.870127e-09	-8.882100e-10	-1.571816e+01	-1.036666e+02
8.230000e-06	-1.880744e-09	-8.921431e-10	-1.580740e+01	-1.043436e+02
8.240000e-06	-1.891227e-09	-9.010737e-10	-1.589551e+01	-1.050154e+02
8.250000e-06	-1.901607e-09	-9.101444e-10	-1.598274e+01	-1.056837e+02
8.260000e-06	-1.911906e-09	-9.165301e-10	-1.606931e+01	-1.063502e+02
8.270000e-06	-1.922122e-09	-9.220489e-10	-1.615517e+01	-1.070162e+02
8.280000e-06	-1.932254e-09	-9.272688e-10	-1.624033e+01	-1.076826e+02
8.290000e-06	-1.942297e-09	-9.292529e-10	-1.632475e+01	-1.083497e+02
8.300000e-06	-1.952250e-09	-9.304046e-10	-1.640840e+01	-1.090167e+02
8.310000e-06	-1.962116e-09	-9.339450e-10	-1.649132e+01	-1.096823e+02
8.320000e-06	-1.971874e-09	-9.383748e-10	-1.657333e+01	-1.103446e+02
8.330000e-06	-1.981485e-09	-9.449967e-10	-1.665411e+01	-1.110013e+02
8.340000e-06	-1.990957e-09	-9.518758e-10	-1.673372e+01	-1.116499e+02
8.350000e-06	-2.000319e-09	-9.573428e-10	-1.681241e+01	-1.122883e+02
8.360000e-06	-2.009586e-09	-9.625585e-10	-1.689030e+01	-1.129146e+02
8.370000e-06	-2.018790e-09	-9.662551e-10	-1.696766e+01	-1.135276e+02
8.380000e-06	-2.027937e-09	-9.684066e-10	-1.704453e+01	-1.141267e+02
8.390000e-06	-2.036998e-09	-9.714424e-10	-1.712069e+01	-1.147122e+02
8.400000e-06	-2.045954e-09	-9.780006e-10	-1.719597e+01	-1.152847e+02
8.410000e-06	-2.054815e-09	-9.850872e-10	-1.727044e+01	-1.158453e+02
8.420000e-06	-2.063596e-09	-9.897502e-10	-1.734424e+01	-1.163954e+02
8.430000e-06	-2.072310e-09	-9.945835e-10	-1.741748e+01	-1.169363e+02
8.440000e-06	-2.080972e-09	-1.000233e-09	-1.749029e+01	-1.174693e+02
8.450000e-06	-2.089569e-09	-1.005144e-09	-1.756255e+01	-1.179957e+02
8.460000e-06	-2.098080e-09	-1.008893e-09	-1.763407e+01	-1.185164e+02
8.470000e-06	-2.106501e-09	-1.013979e-09	-1.770485e+01	-1.190323e+02
8.480000e-06	-2.114829e-09	-1.020636e-09	-1.777485e+01	-1.195441e+02
8.490000e-06	-2.123067e-09	-1.028987e-09	-1.784409e+01	-1.200526e+02
8.500000e-06	-2.131207e-09	-1.036168e-09	-1.791250e+01	-1.205585e+02
8.510000e-06	-2.139248e-09	-1.038000e-09	-1.798009e+01	-1.210625e+02
8.520000e-06	-2.147211e-09	-1.038075e-09	-1.804702e+01	-1.215654e+02
8.530000e-06	-2.155105e-09	-1.040945e-09	-1.811336e+01	-1.220675e+02
8.540000e-06	-2.162936e-09	-1.046143e-09	-1.817919e+01	-1.225690e+02
8.550000e-06	-2.170681e-09	-1.049396e-09	-1.824428e+01	-1.230693e+02
8.560000e-06	-2.178293e-09	-1.051521e-09	-1.830826e+01	-1.235673e+02
8.570000e-06	-2.185760e-09	-1.056115e-09	-1.837101e+01	-1.240612e+02
8.580000e-06	-2.193084e-09	-1.062339e-09	-1.843258e+01	-1.245483e+02
8.590000e-06	-2.200282e-09	-1.066999e-09	-1.849307e+01	-1.250259e+02
8.600000e-06	-2.207393e-09	-1.069521e-09	-1.855284e+01	-1.254906e+02
8.610000e-06	-2.214443e-09	-1.071565e-09	-1.861209e+01	-1.259396e+02
8.620000e-06	-2.221417e-09	-1.072951e-09	-1.867071e+01	-1.263709e+02
8.630000e-06	-2.228289e-09	-1.074430e-09	-1.872846e+01	-1.267833e+02
8.640000e-06	-2.235052e-09	-1.076832e-09	-1.878531e+01	-1.271774e+02
8.650000e-06	-2.241725e-09	-1.080098e-09	-1.884139e+01	-1.275552e+02
8.660000e-06	-2.248306e-09	-1.084633e-09	-1.889671e+01	-1.279205e+02
8.670000e-06	-2.254783e-09	-1.089072e-09	-1.895114e+01	-1.282782e+02
8.680000e-06	-2.261164e-09	-1.093399e-09	-1.900477e+01	-1.286342e+02
8.690000e-06	-2.267466e-09	-1.097130e-09	-1.905774e+01	-1.289945e+02
8.700000e-06	-2.273694e-09	-1.097041e-09	-1.911009e+01	-1.293643e+02
8.710000e-06	-2.279832e-09	-1.094899e-09	-1.916167e+01	-1.297479e+02
8.720000e-06	-2.285832e-09	-1.096164e-09	-1.921211e+01	-1.301472e+02
8.730000e-06	-2.291657e-09	-1.101527e-09	-1.926106e+01	-1.305621e+02
8.740000e-06	-2.297321e-09	-1.106673e-09	-1.930867e+01	-1.309898e+02
8.750000e-06	-2.302878e-09	-1.109319e-09	-1.935538e+01	-1.314255e+02
8.760000e-06	-2.308370e-09	-1.110233e-09	-1.940154e+01	-1.318627e+02
8.770000e-06	-2.313794e-09	-1.111339e-09	-1.944713e+01	-1.322939e+02
8.780000e-06	-2.319127e-09	-1.113232e-09	-1.949195e+01	-1.327119e+02
8.790000e-06	-2.324351e-09	-1.113406e-09	-1.953585e+01	-1.331105e+02
8.800000e-06	-2.329468e-09	-1.111609e-09	-1.957886e+01	-1.334856e+02
8.810000e-06	-2.334469e-09	-1.110665e-09	-1.962090e+01	-1.338355e+02
8.820000e-06	-2.339356e-09	-1.111800e-09	-1.966197e+01	-1.341615e+02
8.830000e-06	-2.344150e-09	-1.115184e-09	-1.970226e+01	-1.344678e+02
8.840000e-06	-2.348874e-09	-1.118841e-09	-1.974197e+01	-1.347604e+02
8.850000e-06	-2.353529e-09	-1.123478e-09	-1.978110e+01	-1.350468e+02
8.860000e-06	-2.358086e-09	-1.128080e-09	-1.981940e+01	-1.353349e+02
8.870000e-06	-2.362505e-09	-1.131941e-09	-1.985654e+01	-1.356311e+02
8.880000e-06	-2.366772e-09	-1.133211e-09	-1.989240e+01	-1.359403e+02
8.890000e-06	-2.370887e-09	-1.130407e-09	-1.992699e+01	-1.362640e+02
8.900000e-06	-2.374878e-09	-1.129437e-09	-1.996053e+01	-1.366008e+02
8.910000e-06	-2.378790e-09	-1.131207e-09	-1.999341e+01	-1.369458e+02
8.920000e-06	-2.382631e-09	-1.136078e-09	-2.002569e+01	-1.372916e+02
8.930000e-06	-2.386377e-09	-1.144191e-09	-2.005718e+01	-1.376290e+02
8.940000e-06	-2.390013e-09	-1.152342e-09	-2.008774e+01	-1.379485e+02
8.950000e-06	-2.393544e-09	-1.157878e-09	-2.011741e+01	-1.382413e+02
8.960000e-06	-2.396980e-09	-1.159438e-09	-2.014629e+01	-1.385010e+02
8.970000e-06	-2.400317e-09	-1.159150e-09	-2.017434e+01	-1.387243e+02
8.980000e-06	-2.403546e-09	-1.158800e-09	-2.020148e+01	-1.389119e+02
8.990000e-06	-2.406685e-09	-1.159973e-09	-2.022786e+01	-1.390682e+02
9.000000e-06	-2.409756e-09	-1.160603e-09	-2.025367e+01	-1.392008e+02
9.010000e-06	-2.412729e-09	-1.160946e-09	-2.027866e+01	-1.393197e+02
9.020000e-06	-2.415536e-09	-1.164675e-09	-2.030225e+01	-1.394358e+02
9.030000e-06	-2.418165e-09	-1.169039e-09	-2.032435e+01	-1.395592e+02
9.040000e-06	-2.420642e-09	-1.170723e-09	-2.034516e+01	-1.396980e+02
9.050000e-06	-2.422998e-09	-1.168774e-09	-2.036497e+01	-1.398568e+02
9.060000e-06	-2.425258e-09	-1.168163e-09	-2.038396e+01	-1.400363e+02
9.070000e-06	-2.427403e-09	-1.170364e-09	-2.040199e+01	-1.402334e+02
9.080000e-06	-2.429425e-09	-1.172441e-09	-2.041898e+01	-1.404410e+02
9.090000e-06	-2.431341e-09	-1.174250e-09	-2.043509e+01	-1.406499e+02
9.100000e-06	-2.433161e-09	-1.175242e-09	-2.045039e+01	-1.408503e+02
9.110000e-06	-2.434875e-09	-1.177690e-09	-2.046479e+01	-1.410328e+02
9.120000e-06	-2.436485e-09	-1.180510e-09	-2.047832e+01	-1.411910e+02
9.130000e-06	-2.438016e-09	-1.181609e-09	-2.049120e+01	-1.413223e+02
9.140000e-06	-2.439485e-09	-1.182125e-09	-2.050354e+01	-1.414285e+02
9.150000e-06	-2.440856e-09	-1.183329e-09	-2.051507e+01	-1.415163e+02
9.160000e-06	-2.442074e-09	-1.185993e-09	-2.052530e+01	-1.415961e+02
9.170000e-06	-2.443119e-09	-1.190178e-09	-2.053408e+01	-1.416807e+02
9.180000e-06	-2.444017e-09	-1.195184e-09	-2.054163e+01	-1.417832e+02
9.190000e-06	-2.444805e-09	-1.197678e-09	-2.054825e+01	-1.419147e+02
9.200000e-06	-2.445502e-09	-1.198890e-09	-2.055411e+01	-1.420824e+02
9.210000e-06	-2.446114e-09	-1.199316e-09	-2.055926e+01	-1.422871e+02
9.220000e-06	-2.446630e-09	-1.199485e-09	-2.056359e+01	-1.425228e+02
9.230000e-06	-2.447039e-09	-1.200155e-09	-2.056703e+01	-1.427758e+02
9.240000e-06	-2.447350e-09	-1.202177e-09	-2.056965e+01	-1.430261e+02
9.250000e-06	-2.447551e-09	-1.206071e-09	-2.057133e+01	-1.432484e+02
