# Temperatura_=_20.0
# Concentracion g/m^3_=_10770.0
# C_Vs_to_Am_M_A/Vsm_=_116720831517.84952
# pendiente_HvsI_1/m_=_3716.3
# ordenada_HvsI_A/m_=_1297.0
# frecuencia_Hz_=_108113.05975322984
# Promedio de 8 ciclos

Tiempo_(s)	Campo_(V.s)	Magnetizacion_(V.s)	Campo_(kA/m)	Magnetizacion_(A/m)
0.000000e+00	-1.062402e-09	-4.100626e-10	-9.459768e+00	-5.701972e+01
1.000000e-08	-1.062462e-09	-2.388152e-10	-9.460304e+00	-5.710352e+01
2.000000e-08	-1.062468e-09	-2.254306e-10	-9.460358e+00	-5.718509e+01
3.000000e-08	-1.062415e-09	-3.285548e-10	-9.459888e+00	-5.726428e+01
4.000000e-08	-1.062313e-09	-4.980125e-10	-9.458975e+00	-5.734025e+01
5.000000e-08	-1.062172e-09	-6.396755e-10	-9.457726e+00	-5.741136e+01
6.000000e-08	-1.062001e-09	-6.954237e-10	-9.456199e+00	-5.747521e+01
7.000000e-08	-1.061798e-09	-6.226556e-10	-9.454395e+00	-5.752875e+01
8.000000e-08	-1.061556e-09	-4.807706e-10	-9.452239e+00	-5.756864e+01
9.000000e-08	-1.061252e-09	-3.745508e-10	-9.449531e+00	-5.759154e+01
1.000000e-07	-1.060861e-09	-3.297885e-10	-9.446051e+00	-5.759465e+01
1.100000e-07	-1.060402e-09	-4.085599e-10	-9.441960e+00	-5.757601e+01
1.200000e-07	-1.059882e-09	-5.244614e-10	-9.437331e+00	-5.753495e+01
1.300000e-07	-1.059302e-09	-6.068384e-10	-9.432170e+00	-5.747221e+01
1.400000e-07	-1.058661e-09	-5.970320e-10	-9.426461e+00	-5.739004e+01
1.500000e-07	-1.057952e-09	-4.935385e-10	-9.420144e+00	-5.729207e+01
1.600000e-07	-1.057185e-09	-4.067070e-10	-9.413316e+00	-5.718297e+01
1.700000e-07	-1.056368e-09	-3.795625e-10	-9.406047e+00	-5.706803e+01
1.800000e-07	-1.055518e-09	-4.387853e-10	-9.398472e+00	-5.695263e+01
1.900000e-07	-1.054634e-09	-5.101261e-10	-9.390608e+00	-5.684172e+01
2.000000e-07	-1.053709e-09	-5.539261e-10	-9.382372e+00	-5.673927e+01
2.100000e-07	-1.052733e-09	-5.362271e-10	-9.373676e+00	-5.664793e+01
2.200000e-07	-1.051714e-09	-4.799417e-10	-9.364604e+00	-5.656881e+01
2.300000e-07	-1.050663e-09	-4.398761e-10	-9.355243e+00	-5.650145e+01
2.400000e-07	-1.049573e-09	-4.195180e-10	-9.345539e+00	-5.644398e+01
2.500000e-07	-1.048432e-09	-4.435726e-10	-9.335377e+00	-5.639343e+01
2.600000e-07	-1.047230e-09	-4.759691e-10	-9.324680e+00	-5.634621e+01
2.700000e-07	-1.045988e-09	-5.111046e-10	-9.313623e+00	-5.629861e+01
2.800000e-07	-1.044706e-09	-5.245051e-10	-9.302199e+00	-5.624726e+01
2.900000e-07	-1.043369e-09	-5.082183e-10	-9.290302e+00	-5.618959e+01
3.000000e-07	-1.041986e-09	-4.735483e-10	-9.277982e+00	-5.612407e+01
3.100000e-07	-1.040549e-09	-4.300753e-10	-9.265188e+00	-5.605036e+01
3.200000e-07	-1.039061e-09	-4.229949e-10	-9.251943e+00	-5.596925e+01
3.300000e-07	-1.037532e-09	-4.405247e-10	-9.238324e+00	-5.588244e+01
3.400000e-07	-1.035962e-09	-4.776341e-10	-9.224347e+00	-5.579220e+01
3.500000e-07	-1.034357e-09	-4.990451e-10	-9.210057e+00	-5.570098e+01
3.600000e-07	-1.032723e-09	-4.963807e-10	-9.195509e+00	-5.561099e+01
3.700000e-07	-1.031054e-09	-4.796741e-10	-9.180648e+00	-5.552385e+01
3.800000e-07	-1.029349e-09	-4.548307e-10	-9.165459e+00	-5.544037e+01
3.900000e-07	-1.027611e-09	-4.442580e-10	-9.149989e+00	-5.536040e+01
4.000000e-07	-1.025828e-09	-4.397130e-10	-9.134111e+00	-5.528291e+01
4.100000e-07	-1.023994e-09	-4.513763e-10	-9.117777e+00	-5.520619e+01
4.200000e-07	-1.022095e-09	-4.637603e-10	-9.100877e+00	-5.512807e+01
4.300000e-07	-1.020126e-09	-4.715087e-10	-9.083339e+00	-5.504637e+01
4.400000e-07	-1.018091e-09	-4.664121e-10	-9.065224e+00	-5.495918e+01
4.500000e-07	-1.015992e-09	-4.494277e-10	-9.046532e+00	-5.486522e+01
4.600000e-07	-1.013828e-09	-4.387574e-10	-9.027263e+00	-5.476398e+01
4.700000e-07	-1.011584e-09	-4.338615e-10	-9.007277e+00	-5.465587e+01
4.800000e-07	-1.009272e-09	-4.434020e-10	-8.986693e+00	-5.454210e+01
4.900000e-07	-1.006905e-09	-4.511667e-10	-8.965618e+00	-5.442452e+01
5.000000e-07	-1.004482e-09	-4.546363e-10	-8.944042e+00	-5.430533e+01
5.100000e-07	-1.002005e-09	-4.482649e-10	-8.921986e+00	-5.418675e+01
5.200000e-07	-9.994764e-10	-4.367391e-10	-8.899473e+00	-5.407068e+01
5.300000e-07	-9.969062e-10	-4.316191e-10	-8.876588e+00	-5.395841e+01
5.400000e-07	-9.942969e-10	-4.297615e-10	-8.853354e+00	-5.385045e+01
5.500000e-07	-9.916423e-10	-4.349226e-10	-8.829717e+00	-5.374648e+01
5.600000e-07	-9.889420e-10	-4.367511e-10	-8.805673e+00	-5.364536e+01
5.700000e-07	-9.861999e-10	-4.387642e-10	-8.781257e+00	-5.354538e+01
5.800000e-07	-9.834086e-10	-4.348336e-10	-8.756403e+00	-5.344450e+01
5.900000e-07	-9.805755e-10	-4.275009e-10	-8.731177e+00	-5.334064e+01
6.000000e-07	-9.776939e-10	-4.218721e-10	-8.705519e+00	-5.323203e+01
6.100000e-07	-9.747520e-10	-4.185998e-10	-8.679323e+00	-5.311743e+01
6.200000e-07	-9.717572e-10	-4.247160e-10	-8.652658e+00	-5.299634e+01
6.300000e-07	-9.686987e-10	-4.294754e-10	-8.625424e+00	-5.286897e+01
6.400000e-07	-9.655766e-10	-4.320773e-10	-8.597625e+00	-5.273624e+01
6.500000e-07	-9.623991e-10	-4.294052e-10	-8.569331e+00	-5.259956e+01
6.600000e-07	-9.591580e-10	-4.253576e-10	-8.540473e+00	-5.246059e+01
6.700000e-07	-9.558562e-10	-4.213184e-10	-8.511073e+00	-5.232092e+01
6.800000e-07	-9.525030e-10	-4.170709e-10	-8.481215e+00	-5.218182e+01
6.900000e-07	-9.490934e-10	-4.168331e-10	-8.450856e+00	-5.204402e+01
7.000000e-07	-9.456378e-10	-4.180125e-10	-8.420087e+00	-5.190754e+01
7.100000e-07	-9.421503e-10	-4.223878e-10	-8.389034e+00	-5.177171e+01
7.200000e-07	-9.386188e-10	-4.225552e-10	-8.357589e+00	-5.163524e+01
7.300000e-07	-9.350504e-10	-4.198128e-10	-8.325815e+00	-5.149645e+01
7.400000e-07	-9.314518e-10	-4.159047e-10	-8.293773e+00	-5.135350e+01
7.500000e-07	-9.278180e-10	-4.124703e-10	-8.261417e+00	-5.120469e+01
7.600000e-07	-9.241498e-10	-4.116298e-10	-8.228755e+00	-5.104875e+01
7.700000e-07	-9.204424e-10	-4.120231e-10	-8.195743e+00	-5.088505e+01
7.800000e-07	-9.166954e-10	-4.161965e-10	-8.162380e+00	-5.071371e+01
7.900000e-07	-9.129041e-10	-4.173646e-10	-8.128621e+00	-5.053562e+01
8.000000e-07	-9.090628e-10	-4.150595e-10	-8.094419e+00	-5.035233e+01
8.100000e-07	-9.051808e-10	-4.084344e-10	-8.059852e+00	-5.016586e+01
8.200000e-07	-9.012532e-10	-4.017609e-10	-8.024881e+00	-4.997840e+01
8.300000e-07	-8.972842e-10	-3.994460e-10	-7.989540e+00	-4.979203e+01
8.400000e-07	-8.932902e-10	-4.011955e-10	-7.953977e+00	-4.960846e+01
8.500000e-07	-8.892697e-10	-4.060643e-10	-7.918178e+00	-4.942874e+01
8.600000e-07	-8.852182e-10	-4.054748e-10	-7.882103e+00	-4.925319e+01
8.700000e-07	-8.811415e-10	-4.003425e-10	-7.845803e+00	-4.908132e+01
8.800000e-07	-8.770396e-10	-3.934636e-10	-7.809279e+00	-4.891189e+01
8.900000e-07	-8.729068e-10	-3.901668e-10	-7.772481e+00	-4.874310e+01
9.000000e-07	-8.687402e-10	-3.896628e-10	-7.735380e+00	-4.857283e+01
9.100000e-07	-8.645420e-10	-3.890570e-10	-7.698000e+00	-4.839886e+01
9.200000e-07	-8.603185e-10	-3.892563e-10	-7.660392e+00	-4.821916e+01
9.300000e-07	-8.560544e-10	-3.914051e-10	-7.622425e+00	-4.803207e+01
9.400000e-07	-8.517506e-10	-3.966832e-10	-7.584103e+00	-4.783651e+01
9.500000e-07	-8.474116e-10	-3.968545e-10	-7.545468e+00	-4.763198e+01
9.600000e-07	-8.430339e-10	-3.930097e-10	-7.506488e+00	-4.741860e+01
9.700000e-07	-8.386229e-10	-3.881476e-10	-7.467212e+00	-4.719699e+01
9.800000e-07	-8.341756e-10	-3.842074e-10	-7.427612e+00	-4.696816e+01
9.900000e-07	-8.296904e-10	-3.810156e-10	-7.387676e+00	-4.673334e+01
1.000000e-06	-8.251689e-10	-3.762427e-10	-7.347416e+00	-4.649382e+01
1.010000e-06	-8.206137e-10	-3.730990e-10	-7.306856e+00	-4.625084e+01
1.020000e-06	-8.160247e-10	-3.708040e-10	-7.265995e+00	-4.600547e+01
1.030000e-06	-8.113925e-10	-3.709130e-10	-7.224749e+00	-4.575862e+01
1.040000e-06	-8.067131e-10	-3.715364e-10	-7.183083e+00	-4.551100e+01
1.050000e-06	-8.020045e-10	-3.698848e-10	-7.141157e+00	-4.526317e+01
1.060000e-06	-7.972621e-10	-3.655053e-10	-7.098930e+00	-4.501561e+01
1.070000e-06	-7.924783e-10	-3.597509e-10	-7.056334e+00	-4.476872e+01
1.080000e-06	-7.876628e-10	-3.556495e-10	-7.013457e+00	-4.452284e+01
1.090000e-06	-7.828242e-10	-3.514681e-10	-6.970373e+00	-4.427825e+01
1.100000e-06	-7.779603e-10	-3.476967e-10	-6.927064e+00	-4.403510e+01
1.110000e-06	-7.730662e-10	-3.440638e-10	-6.883486e+00	-4.379334e+01
1.120000e-06	-7.681470e-10	-3.419209e-10	-6.839685e+00	-4.355261e+01
1.130000e-06	-7.631985e-10	-3.410058e-10	-6.795623e+00	-4.331222e+01
1.140000e-06	-7.582165e-10	-3.385570e-10	-6.751263e+00	-4.307106e+01
1.150000e-06	-7.532017e-10	-3.357793e-10	-6.706610e+00	-4.282772e+01
1.160000e-06	-7.481493e-10	-3.337538e-10	-6.661623e+00	-4.258051e+01
1.170000e-06	-7.430590e-10	-3.322950e-10	-6.616298e+00	-4.232765e+01
1.180000e-06	-7.379302e-10	-3.296285e-10	-6.570631e+00	-4.206754e+01
1.190000e-06	-7.327487e-10	-3.252925e-10	-6.524494e+00	-4.179894e+01
1.200000e-06	-7.275042e-10	-3.201433e-10	-6.477796e+00	-4.152125e+01
1.210000e-06	-7.222070e-10	-3.188358e-10	-6.430630e+00	-4.123465e+01
1.220000e-06	-7.168559e-10	-3.200006e-10	-6.382983e+00	-4.094024e+01
1.230000e-06	-7.114443e-10	-3.190715e-10	-6.334797e+00	-4.064002e+01
1.240000e-06	-7.059877e-10	-3.156628e-10	-6.286211e+00	-4.033671e+01
1.250000e-06	-7.004834e-10	-3.108671e-10	-6.237200e+00	-4.003357e+01
1.260000e-06	-6.949336e-10	-3.085024e-10	-6.187784e+00	-3.973399e+01
1.270000e-06	-6.893531e-10	-3.064847e-10	-6.138093e+00	-3.944114e+01
1.280000e-06	-6.837365e-10	-3.051996e-10	-6.088083e+00	-3.915759e+01
1.290000e-06	-6.780931e-10	-3.051618e-10	-6.037833e+00	-3.888494e+01
1.300000e-06	-6.724354e-10	-3.058508e-10	-5.987456e+00	-3.862364e+01
1.310000e-06	-6.667598e-10	-3.079051e-10	-5.936920e+00	-3.837287e+01
1.320000e-06	-6.610656e-10	-3.065886e-10	-5.886218e+00	-3.813069e+01
1.330000e-06	-6.553511e-10	-3.023324e-10	-5.835335e+00	-3.789422e+01
1.340000e-06	-6.496134e-10	-2.959997e-10	-5.784246e+00	-3.766004e+01
1.350000e-06	-6.438532e-10	-2.919971e-10	-5.732957e+00	-3.742466e+01
1.360000e-06	-6.380734e-10	-2.911509e-10	-5.681492e+00	-3.718494e+01
1.370000e-06	-6.322700e-10	-2.904767e-10	-5.629818e+00	-3.693853e+01
1.380000e-06	-6.264424e-10	-2.909951e-10	-5.577928e+00	-3.668418e+01
1.390000e-06	-6.205933e-10	-2.914479e-10	-5.525847e+00	-3.642183e+01
1.400000e-06	-6.147107e-10	-2.930105e-10	-5.473468e+00	-3.615262e+01
1.410000e-06	-6.087952e-10	-2.908091e-10	-5.420795e+00	-3.587856e+01
1.420000e-06	-6.028562e-10	-2.852947e-10	-5.367913e+00	-3.560224e+01
1.430000e-06	-5.968874e-10	-2.809369e-10	-5.314766e+00	-3.532626e+01
1.440000e-06	-5.908947e-10	-2.792661e-10	-5.261407e+00	-3.505275e+01
1.450000e-06	-5.848790e-10	-2.799028e-10	-5.207843e+00	-3.478291e+01
1.460000e-06	-5.788322e-10	-2.783828e-10	-5.154001e+00	-3.451668e+01
1.470000e-06	-5.727592e-10	-2.758077e-10	-5.099926e+00	-3.425264e+01
1.480000e-06	-5.666637e-10	-2.738698e-10	-5.045651e+00	-3.398802e+01
1.490000e-06	-5.605458e-10	-2.734340e-10	-4.991177e+00	-3.371908e+01
1.500000e-06	-5.544079e-10	-2.725917e-10	-4.936523e+00	-3.344156e+01
1.510000e-06	-5.482531e-10	-2.707728e-10	-4.881720e+00	-3.315132e+01
1.520000e-06	-5.420792e-10	-2.685326e-10	-4.826747e+00	-3.284498e+01
1.530000e-06	-5.358827e-10	-2.664806e-10	-4.771573e+00	-3.252050e+01
1.540000e-06	-5.296562e-10	-2.646630e-10	-4.716131e+00	-3.217765e+01
1.550000e-06	-5.234110e-10	-2.596866e-10	-4.660523e+00	-3.181823e+01
1.560000e-06	-5.171411e-10	-2.539147e-10	-4.604694e+00	-3.144601e+01
1.570000e-06	-5.108432e-10	-2.492302e-10	-4.548617e+00	-3.106640e+01
1.580000e-06	-5.045320e-10	-2.492596e-10	-4.492422e+00	-3.068591e+01
1.590000e-06	-4.981964e-10	-2.517432e-10	-4.436009e+00	-3.031141e+01
1.600000e-06	-4.918308e-10	-2.496174e-10	-4.379329e+00	-2.994927e+01
1.610000e-06	-4.854433e-10	-2.417684e-10	-4.322453e+00	-2.960458e+01
1.620000e-06	-4.790405e-10	-2.326447e-10	-4.265442e+00	-2.928052e+01
1.630000e-06	-4.726241e-10	-2.287656e-10	-4.208310e+00	-2.897787e+01
1.640000e-06	-4.661897e-10	-2.285117e-10	-4.151017e+00	-2.869492e+01
1.650000e-06	-4.597355e-10	-2.297645e-10	-4.093548e+00	-2.842763e+01
1.660000e-06	-4.532699e-10	-2.307557e-10	-4.035977e+00	-2.817010e+01
1.670000e-06	-4.467913e-10	-2.309616e-10	-3.978291e+00	-2.791531e+01
1.680000e-06	-4.402991e-10	-2.299560e-10	-3.920483e+00	-2.765600e+01
1.690000e-06	-4.337964e-10	-2.241125e-10	-3.862582e+00	-2.738550e+01
1.700000e-06	-4.272855e-10	-2.169307e-10	-3.804609e+00	-2.709864e+01
1.710000e-06	-4.207683e-10	-2.115671e-10	-3.746578e+00	-2.679225e+01
1.720000e-06	-4.142342e-10	-2.091852e-10	-3.688398e+00	-2.646561e+01
1.730000e-06	-4.076810e-10	-2.098720e-10	-3.630048e+00	-2.612033e+01
1.740000e-06	-4.011094e-10	-2.103819e-10	-3.571533e+00	-2.576013e+01
1.750000e-06	-3.945208e-10	-2.079800e-10	-3.512867e+00	-2.539022e+01
1.760000e-06	-3.879179e-10	-2.030405e-10	-3.454074e+00	-2.501648e+01
1.770000e-06	-3.813005e-10	-1.986844e-10	-3.395152e+00	-2.464462e+01
1.780000e-06	-3.746623e-10	-1.949740e-10	-3.336044e+00	-2.427935e+01
1.790000e-06	-3.680033e-10	-1.913756e-10	-3.276752e+00	-2.392371e+01
1.800000e-06	-3.613246e-10	-1.865446e-10	-3.217284e+00	-2.357861e+01
1.810000e-06	-3.546188e-10	-1.820780e-10	-3.157575e+00	-2.324276e+01
1.820000e-06	-3.478989e-10	-1.796353e-10	-3.097739e+00	-2.291282e+01
1.830000e-06	-3.411611e-10	-1.780736e-10	-3.037745e+00	-2.258392e+01
1.840000e-06	-3.343949e-10	-1.769846e-10	-2.977498e+00	-2.225037e+01
1.850000e-06	-3.276042e-10	-1.756677e-10	-2.917033e+00	-2.190645e+01
1.860000e-06	-3.207821e-10	-1.745506e-10	-2.856287e+00	-2.154725e+01
1.870000e-06	-3.139223e-10	-1.718848e-10	-2.795207e+00	-2.116938e+01
1.880000e-06	-3.070347e-10	-1.672353e-10	-2.733879e+00	-2.077140e+01
1.890000e-06	-3.001327e-10	-1.617189e-10	-2.672423e+00	-2.035409e+01
1.900000e-06	-2.932125e-10	-1.574916e-10	-2.610805e+00	-1.992029e+01
1.910000e-06	-2.862707e-10	-1.550082e-10	-2.548994e+00	-1.947453e+01
1.920000e-06	-2.793056e-10	-1.519500e-10	-2.486976e+00	-1.902239e+01
1.930000e-06	-2.723131e-10	-1.484513e-10	-2.424713e+00	-1.856974e+01
1.940000e-06	-2.652848e-10	-1.458194e-10	-2.362132e+00	-1.812198e+01
1.950000e-06	-2.582367e-10	-1.444273e-10	-2.299375e+00	-1.768332e+01
1.960000e-06	-2.511714e-10	-1.416540e-10	-2.236465e+00	-1.725627e+01
1.970000e-06	-2.440843e-10	-1.362915e-10	-2.173360e+00	-1.684139e+01
1.980000e-06	-2.369842e-10	-1.299770e-10	-2.110140e+00	-1.643731e+01
1.990000e-06	-2.298598e-10	-1.252493e-10	-2.046704e+00	-1.604107e+01
2.000000e-06	-2.227122e-10	-1.234344e-10	-1.983060e+00	-1.564862e+01
2.010000e-06	-2.155473e-10	-1.224487e-10	-1.919263e+00	-1.525555e+01
2.020000e-06	-2.083806e-10	-1.211412e-10	-1.855450e+00	-1.485775e+01
2.030000e-06	-2.012118e-10	-1.200418e-10	-1.791618e+00	-1.445215e+01
2.040000e-06	-1.940249e-10	-1.188195e-10	-1.727625e+00	-1.403716e+01
2.050000e-06	-1.868287e-10	-1.149988e-10	-1.663549e+00	-1.361300e+01
2.060000e-06	-1.796262e-10	-1.074737e-10	-1.599417e+00	-1.318165e+01
2.070000e-06	-1.724119e-10	-1.008954e-10	-1.535180e+00	-1.274662e+01
2.080000e-06	-1.651943e-10	-9.836809e-11	-1.470913e+00	-1.231248e+01
2.090000e-06	-1.579680e-10	-9.809560e-11	-1.406569e+00	-1.188419e+01
2.100000e-06	-1.507321e-10	-9.623755e-11	-1.342140e+00	-1.146644e+01
2.110000e-06	-1.434921e-10	-9.248751e-11	-1.277674e+00	-1.106299e+01
2.120000e-06	-1.362490e-10	-8.838421e-11	-1.213181e+00	-1.067619e+01
2.130000e-06	-1.290012e-10	-8.310410e-11	-1.148645e+00	-1.030664e+01
2.140000e-06	-1.217505e-10	-7.820582e-11	-1.084084e+00	-9.953184e+00
2.150000e-06	-1.145018e-10	-7.562298e-11	-1.019540e+00	-9.613048e+00
2.160000e-06	-1.072499e-10	-7.452490e-11	-9.549687e-01	-9.282298e+00
2.170000e-06	-9.999268e-11	-7.399437e-11	-8.903492e-01	-8.956372e+00
2.180000e-06	-9.273053e-11	-7.206080e-11	-8.256861e-01	-8.630705e+00
2.190000e-06	-8.546323e-11	-6.755973e-11	-7.609770e-01	-8.301329e+00
2.200000e-06	-7.819578e-11	-6.219270e-11	-6.962667e-01	-7.965351e+00
2.210000e-06	-7.092866e-11	-5.579168e-11	-6.315593e-01	-7.621256e+00
2.220000e-06	-6.366107e-11	-5.023387e-11	-5.668476e-01	-7.268993e+00
2.230000e-06	-5.639323e-11	-4.969119e-11	-5.021338e-01	-6.909838e+00
2.240000e-06	-4.912162e-11	-5.162575e-11	-4.373864e-01	-6.546066e+00
2.250000e-06	-4.184915e-11	-5.191182e-11	-3.726313e-01	-6.180488e+00
2.260000e-06	-3.457781e-11	-4.884012e-11	-3.078863e-01	-5.815921e+00
2.270000e-06	-2.730559e-11	-4.266786e-11	-2.431335e-01	-5.454692e+00
2.280000e-06	-2.003247e-11	-3.530273e-11	-1.783726e-01	-5.098235e+00
2.290000e-06	-1.275920e-11	-2.845583e-11	-1.136104e-01	-4.746846e+00
2.300000e-06	-5.487023e-12	-2.317695e-11	-4.885795e-02	-4.399638e+00
2.310000e-06	1.787841e-12	-2.201306e-11	1.591843e-02	-4.054681e+00
2.320000e-06	9.061929e-12	-2.446527e-11	8.068789e-02	-3.709317e+00
2.330000e-06	1.633430e-11	-2.459519e-11	1.454421e-01	-3.360588e+00
2.340000e-06	2.360947e-11	-2.130268e-11	2.102212e-01	-3.005702e+00
2.350000e-06	3.088022e-11	-1.619011e-11	2.749609e-01	-2.642472e+00
2.360000e-06	3.814846e-11	-9.887694e-12	3.396783e-01	-2.269652e+00
2.370000e-06	4.542158e-11	-5.100879e-12	4.044391e-01	-1.887124e+00
2.380000e-06	5.269460e-11	-2.820959e-12	4.691991e-01	-1.495895e+00
2.390000e-06	5.996258e-11	-1.407775e-12	5.339142e-01	-1.097931e+00
2.400000e-06	6.722764e-11	2.069435e-12	5.986033e-01	-6.958335e-01
2.410000e-06	7.449072e-11	7.120575e-12	6.632747e-01	-2.924254e-01
2.420000e-06	8.175003e-11	1.254768e-11	7.279127e-01	1.096835e-01
2.430000e-06	8.900534e-11	1.749601e-11	7.925149e-01	5.084876e-01
2.440000e-06	9.626073e-11	2.139119e-11	8.571179e-01	9.028637e-01
2.450000e-06	1.035155e-10	2.412248e-11	9.217157e-01	1.292693e+00
2.460000e-06	1.107660e-10	2.533972e-11	9.862745e-01	1.678803e+00
2.470000e-06	1.180157e-10	2.716207e-11	1.050827e+00	2.062749e+00
2.480000e-06	1.252698e-10	2.914640e-11	1.115419e+00	2.446451e+00
2.490000e-06	1.325224e-10	3.332628e-11	1.179996e+00	2.831769e+00
2.500000e-06	1.397688e-10	3.972945e-11	1.244519e+00	3.220071e+00
2.510000e-06	1.470100e-10	4.389072e-11	1.308996e+00	3.611871e+00
2.520000e-06	1.542426e-10	4.537552e-11	1.373397e+00	4.006606e+00
2.530000e-06	1.614667e-10	4.580754e-11	1.437720e+00	4.402588e+00
2.540000e-06	1.686870e-10	4.648358e-11	1.502011e+00	4.797155e+00
2.550000e-06	1.759048e-10	4.850473e-11	1.566280e+00	5.186996e+00
2.560000e-06	1.831104e-10	5.371712e-11	1.630439e+00	5.568625e+00
2.570000e-06	1.902978e-10	5.910097e-11	1.694437e+00	5.938913e+00
2.580000e-06	1.974748e-10	6.189650e-11	1.758341e+00	6.295623e+00
2.590000e-06	2.046435e-10	6.519013e-11	1.822172e+00	6.637844e+00
2.600000e-06	2.118031e-10	6.725220e-11	1.885923e+00	6.966273e+00
2.610000e-06	2.189580e-10	6.752998e-11	1.949631e+00	7.283273e+00
2.620000e-06	2.260960e-10	6.925387e-11	2.013189e+00	7.592705e+00
2.630000e-06	2.332137e-10	7.228907e-11	2.076566e+00	7.899534e+00
2.640000e-06	2.403188e-10	7.529171e-11	2.139831e+00	8.209257e+00
2.650000e-06	2.474075e-10	7.814733e-11	2.202949e+00	8.527223e+00
2.660000e-06	2.544638e-10	8.010627e-11	2.265780e+00	8.857941e+00
2.670000e-06	2.615081e-10	7.983702e-11	2.328502e+00	9.204454e+00
2.680000e-06	2.685498e-10	7.998869e-11	2.391203e+00	9.567882e+00
2.690000e-06	2.755616e-10	8.250007e-11	2.453637e+00	9.947191e+00
2.700000e-06	2.825459e-10	8.785124e-11	2.515826e+00	1.033923e+01
2.710000e-06	2.895015e-10	9.513201e-11	2.577759e+00	1.073904e+01
2.720000e-06	2.964307e-10	1.010968e-10	2.639458e+00	1.114040e+01
2.730000e-06	3.033447e-10	1.042850e-10	2.701021e+00	1.153653e+01
2.740000e-06	3.102354e-10	1.049595e-10	2.762377e+00	1.192092e+01
2.750000e-06	3.170964e-10	1.043725e-10	2.823468e+00	1.228811e+01
2.760000e-06	3.239349e-10	1.043247e-10	2.884359e+00	1.263438e+01
2.770000e-06	3.307485e-10	1.064047e-10	2.945028e+00	1.295825e+01
2.780000e-06	3.375299e-10	1.108608e-10	3.005411e+00	1.326068e+01
2.790000e-06	3.442786e-10	1.155722e-10	3.065502e+00	1.354508e+01
2.800000e-06	3.510008e-10	1.187931e-10	3.125358e+00	1.381691e+01
2.810000e-06	3.577067e-10	1.190457e-10	3.185068e+00	1.408318e+01
2.820000e-06	3.643869e-10	1.173253e-10	3.244550e+00	1.435167e+01
2.830000e-06	3.710369e-10	1.166609e-10	3.303762e+00	1.463016e+01
2.840000e-06	3.776710e-10	1.178609e-10	3.362833e+00	1.492555e+01
2.850000e-06	3.842843e-10	1.224004e-10	3.421719e+00	1.524323e+01
2.860000e-06	3.908723e-10	1.289840e-10	3.480379e+00	1.558653e+01
2.870000e-06	3.974443e-10	1.337190e-10	3.538897e+00	1.595640e+01
2.880000e-06	4.040036e-10	1.369606e-10	3.597302e+00	1.635143e+01
2.890000e-06	4.105483e-10	1.389924e-10	3.655577e+00	1.676802e+01
2.900000e-06	4.170845e-10	1.384030e-10	3.713776e+00	1.720083e+01
2.910000e-06	4.236142e-10	1.378477e-10	3.771917e+00	1.764339e+01
2.920000e-06	4.301323e-10	1.402803e-10	3.829955e+00	1.808875e+01
2.930000e-06	4.366403e-10	1.447717e-10	3.887904e+00	1.853020e+01
2.940000e-06	4.431394e-10	1.488277e-10	3.945772e+00	1.896190e+01
2.950000e-06	4.496252e-10	1.522115e-10	4.003523e+00	1.937937e+01
2.960000e-06	4.560995e-10	1.547781e-10	4.061171e+00	1.977987e+01
2.970000e-06	4.625681e-10	1.579248e-10	4.118768e+00	2.016251e+01
2.980000e-06	4.690255e-10	1.629700e-10	4.176266e+00	2.052827e+01
2.990000e-06	4.754636e-10	1.677422e-10	4.233591e+00	2.087977e+01
3.000000e-06	4.818792e-10	1.719475e-10	4.290717e+00	2.122093e+01
3.010000e-06	4.882832e-10	1.757876e-10	4.347738e+00	2.155657e+01
3.020000e-06	4.946673e-10	1.787217e-10	4.404584e+00	2.189191e+01
3.030000e-06	5.010146e-10	1.803208e-10	4.461101e+00	2.223211e+01
3.040000e-06	5.073348e-10	1.826603e-10	4.517377e+00	2.258187e+01
3.050000e-06	5.136292e-10	1.858095e-10	4.573423e+00	2.294500e+01
3.060000e-06	5.198958e-10	1.873611e-10	4.629221e+00	2.332427e+01
3.070000e-06	5.261380e-10	1.890188e-10	4.684803e+00	2.372115e+01
3.080000e-06	5.323558e-10	1.914085e-10	4.740167e+00	2.413580e+01
3.090000e-06	5.385453e-10	1.952895e-10	4.795279e+00	2.456713e+01
3.100000e-06	5.447097e-10	2.007465e-10	4.850167e+00	2.501287e+01
3.110000e-06	5.508577e-10	2.065069e-10	4.904910e+00	2.546982e+01
3.120000e-06	5.569883e-10	2.115665e-10	4.959498e+00	2.593406e+01
3.130000e-06	5.631007e-10	2.155675e-10	5.013924e+00	2.640124e+01
3.140000e-06	5.691952e-10	2.181069e-10	5.068190e+00	2.686693e+01
3.150000e-06	5.752670e-10	2.183639e-10	5.122255e+00	2.732685e+01
3.160000e-06	5.813138e-10	2.189369e-10	5.176095e+00	2.777723e+01
3.170000e-06	5.873371e-10	2.228087e-10	5.229728e+00	2.821506e+01
3.180000e-06	5.933373e-10	2.303950e-10	5.283155e+00	2.863830e+01
3.190000e-06	5.993150e-10	2.401536e-10	5.336380e+00	2.904602e+01
3.200000e-06	6.052704e-10	2.483548e-10	5.389409e+00	2.943848e+01
3.210000e-06	6.111908e-10	2.521363e-10	5.442125e+00	2.981713e+01
3.220000e-06	6.170742e-10	2.525835e-10	5.494511e+00	3.018442e+01
3.230000e-06	6.229323e-10	2.519412e-10	5.546673e+00	3.054365e+01
3.240000e-06	6.287608e-10	2.518629e-10	5.598570e+00	3.089865e+01
3.250000e-06	6.345630e-10	2.536706e-10	5.650233e+00	3.125337e+01
3.260000e-06	6.403430e-10	2.588535e-10	5.701699e+00	3.161158e+01
3.270000e-06	6.461030e-10	2.675218e-10	5.752987e+00	3.197642e+01
3.280000e-06	6.518419e-10	2.748188e-10	5.804087e+00	3.235006e+01
3.290000e-06	6.575607e-10	2.788285e-10	5.855008e+00	3.273350e+01
3.300000e-06	6.632669e-10	2.800434e-10	5.905817e+00	3.312639e+01
3.310000e-06	6.689573e-10	2.797211e-10	5.956486e+00	3.352701e+01
3.320000e-06	6.746287e-10	2.802245e-10	6.006985e+00	3.393245e+01
3.330000e-06	6.802770e-10	2.821359e-10	6.057277e+00	3.433884e+01
3.340000e-06	6.859023e-10	2.871243e-10	6.107366e+00	3.474175e+01
3.350000e-06	6.915072e-10	2.923252e-10	6.157273e+00	3.513661e+01
3.360000e-06	6.970741e-10	2.961587e-10	6.206841e+00	3.551921e+01
3.370000e-06	7.025963e-10	2.994790e-10	6.256011e+00	3.588609e+01
3.380000e-06	7.080798e-10	3.017664e-10	6.304837e+00	3.623495e+01
3.390000e-06	7.135165e-10	3.032528e-10	6.353247e+00	3.656484e+01
3.400000e-06	7.188983e-10	3.041653e-10	6.401167e+00	3.687627e+01
3.410000e-06	7.242154e-10	3.071725e-10	6.448511e+00	3.717112e+01
3.420000e-06	7.294698e-10	3.121021e-10	6.495297e+00	3.745244e+01
3.430000e-06	7.346686e-10	3.150793e-10	6.541588e+00	3.772401e+01
3.440000e-06	7.398180e-10	3.152297e-10	6.587439e+00	3.799000e+01
3.450000e-06	7.449229e-10	3.148796e-10	6.632894e+00	3.825437e+01
3.460000e-06	7.499840e-10	3.161044e-10	6.677958e+00	3.852053e+01
3.470000e-06	7.550080e-10	3.191267e-10	6.722692e+00	3.879084e+01
3.480000e-06	7.599947e-10	3.232894e-10	6.767095e+00	3.906644e+01
3.490000e-06	7.649492e-10	3.279291e-10	6.811210e+00	3.934711e+01
3.500000e-06	7.698784e-10	3.327311e-10	6.855101e+00	3.963134e+01
3.510000e-06	7.747771e-10	3.353035e-10	6.898719e+00	3.991656e+01
3.520000e-06	7.796434e-10	3.350918e-10	6.942050e+00	4.019950e+01
3.530000e-06	7.844808e-10	3.333040e-10	6.985122e+00	4.047666e+01
3.540000e-06	7.892911e-10	3.320860e-10	7.027953e+00	4.074474e+01
3.550000e-06	7.940697e-10	3.338141e-10	7.070503e+00	4.100119e+01
3.560000e-06	7.988215e-10	3.369688e-10	7.112813e+00	4.124450e+01
3.570000e-06	8.035467e-10	3.390512e-10	7.154888e+00	4.147452e+01
3.580000e-06	8.082304e-10	3.398986e-10	7.196591e+00	4.169250e+01
3.590000e-06	8.128749e-10	3.417285e-10	7.237947e+00	4.190105e+01
3.600000e-06	8.174807e-10	3.427329e-10	7.278958e+00	4.210383e+01
3.610000e-06	8.220574e-10	3.410532e-10	7.319709e+00	4.230523e+01
3.620000e-06	8.266071e-10	3.398422e-10	7.360221e+00	4.250981e+01
3.630000e-06	8.311150e-10	3.418573e-10	7.400359e+00	4.272182e+01
3.640000e-06	8.355877e-10	3.461713e-10	7.440185e+00	4.294471e+01
3.650000e-06	8.400224e-10	3.504366e-10	7.479672e+00	4.318069e+01
3.660000e-06	8.444123e-10	3.525965e-10	7.518761e+00	4.343044e+01
3.670000e-06	8.487615e-10	3.540768e-10	7.557486e+00	4.369303e+01
3.680000e-06	8.530721e-10	3.562859e-10	7.595868e+00	4.396596e+01
3.690000e-06	8.573452e-10	3.586271e-10	7.633917e+00	4.424541e+01
3.700000e-06	8.615810e-10	3.602142e-10	7.671633e+00	4.452664e+01
3.710000e-06	8.657869e-10	3.605541e-10	7.709083e+00	4.480449e+01
3.720000e-06	8.699712e-10	3.620341e-10	7.746340e+00	4.507395e+01
3.730000e-06	8.741247e-10	3.649077e-10	7.783323e+00	4.533068e+01
3.740000e-06	8.782453e-10	3.677650e-10	7.820014e+00	4.557149e+01
3.750000e-06	8.823432e-10	3.707560e-10	7.856502e+00	4.579469e+01
3.760000e-06	8.864191e-10	3.722966e-10	7.892795e+00	4.600025e+01
3.770000e-06	8.904679e-10	3.721343e-10	7.928846e+00	4.618982e+01
3.780000e-06	8.944867e-10	3.726187e-10	7.964629e+00	4.636651e+01
3.790000e-06	8.984698e-10	3.739887e-10	8.000096e+00	4.653455e+01
3.800000e-06	9.024114e-10	3.781365e-10	8.035193e+00	4.669880e+01
3.810000e-06	9.063005e-10	3.833658e-10	8.069822e+00	4.686424e+01
3.820000e-06	9.101364e-10	3.868064e-10	8.103977e+00	4.703539e+01
3.830000e-06	9.139351e-10	3.886453e-10	8.137800e+00	4.721583e+01
3.840000e-06	9.176879e-10	3.885980e-10	8.171216e+00	4.740783e+01
3.850000e-06	9.213974e-10	3.880785e-10	8.204246e+00	4.761212e+01
3.860000e-06	9.250739e-10	3.876115e-10	8.236982e+00	4.782787e+01
3.870000e-06	9.287057e-10	3.875115e-10	8.269321e+00	4.805280e+01
3.880000e-06	9.322933e-10	3.898148e-10	8.301265e+00	4.828350e+01
3.890000e-06	9.358451e-10	3.951867e-10	8.332890e+00	4.851585e+01
3.900000e-06	9.393711e-10	4.002493e-10	8.364287e+00	4.874552e+01
3.910000e-06	9.428764e-10	4.021997e-10	8.395498e+00	4.896848e+01
3.920000e-06	9.463373e-10	4.016991e-10	8.426314e+00	4.918145e+01
3.930000e-06	9.497456e-10	4.019433e-10	8.456662e+00	4.938224e+01
3.940000e-06	9.531092e-10	4.039248e-10	8.486613e+00	4.957000e+01
3.950000e-06	9.564119e-10	4.049807e-10	8.516020e+00	4.974516e+01
3.960000e-06	9.596550e-10	4.061393e-10	8.544897e+00	4.990940e+01
3.970000e-06	9.628387e-10	4.077008e-10	8.573245e+00	5.006526e+01
3.980000e-06	9.659687e-10	4.098883e-10	8.601115e+00	5.021578e+01
3.990000e-06	9.690538e-10	4.125894e-10	8.628585e+00	5.036404e+01
4.000000e-06	9.720875e-10	4.120197e-10	8.655598e+00	5.051267e+01
4.010000e-06	9.750713e-10	4.104441e-10	8.682166e+00	5.066349e+01
4.020000e-06	9.779998e-10	4.114950e-10	8.708242e+00	5.081716e+01
4.030000e-06	9.808798e-10	4.125262e-10	8.733886e+00	5.097315e+01
4.040000e-06	9.837133e-10	4.118349e-10	8.759116e+00	5.112971e+01
4.050000e-06	9.864987e-10	4.116865e-10	8.783917e+00	5.128410e+01
4.060000e-06	9.892381e-10	4.139575e-10	8.808309e+00	5.143296e+01
4.070000e-06	9.919314e-10	4.181062e-10	8.832290e+00	5.157278e+01
4.080000e-06	9.945818e-10	4.209842e-10	8.855890e+00	5.170036e+01
4.090000e-06	9.971903e-10	4.203217e-10	8.879117e+00	5.181328e+01
4.100000e-06	9.997560e-10	4.190931e-10	8.901961e+00	5.191031e+01
4.110000e-06	1.002277e-09	4.198523e-10	8.924406e+00	5.199166e+01
4.120000e-06	1.004751e-09	4.208095e-10	8.946438e+00	5.205901e+01
4.130000e-06	1.007168e-09	4.200338e-10	8.967963e+00	5.211546e+01
4.140000e-06	1.009534e-09	4.180983e-10	8.989030e+00	5.216523e+01
4.150000e-06	1.011842e-09	4.177714e-10	9.009581e+00	5.221325e+01
4.160000e-06	1.014077e-09	4.193590e-10	9.029475e+00	5.226469e+01
4.170000e-06	1.016247e-09	4.201696e-10	9.048796e+00	5.232440e+01
4.180000e-06	1.018345e-09	4.197627e-10	9.067485e+00	5.239643e+01
4.190000e-06	1.020365e-09	4.206842e-10	9.085467e+00	5.248367e+01
4.200000e-06	1.022324e-09	4.236673e-10	9.102907e+00	5.258758e+01
4.210000e-06	1.024224e-09	4.262665e-10	9.119824e+00	5.270812e+01
4.220000e-06	1.026067e-09	4.270636e-10	9.136239e+00	5.284383e+01
4.230000e-06	1.027867e-09	4.274707e-10	9.152263e+00	5.299208e+01
4.240000e-06	1.029625e-09	4.287315e-10	9.167917e+00	5.314945e+01
4.250000e-06	1.031349e-09	4.290463e-10	9.183268e+00	5.331212e+01
4.260000e-06	1.033037e-09	4.294827e-10	9.198302e+00	5.347632e+01
4.270000e-06	1.034684e-09	4.319652e-10	9.212968e+00	5.363872e+01
4.280000e-06	1.036285e-09	4.344207e-10	9.227220e+00	5.379674e+01
4.290000e-06	1.037846e-09	4.371098e-10	9.241118e+00	5.394866e+01
4.300000e-06	1.039367e-09	4.400836e-10	9.254663e+00	5.409368e+01
4.310000e-06	1.040847e-09	4.409791e-10	9.267841e+00	5.423181e+01
4.320000e-06	1.042294e-09	4.401624e-10	9.280726e+00	5.436364e+01
4.330000e-06	1.043695e-09	4.404089e-10	9.293196e+00	5.449008e+01
4.340000e-06	1.045040e-09	4.430545e-10	9.305176e+00	5.461207e+01
4.350000e-06	1.046337e-09	4.457120e-10	9.316729e+00	5.473028e+01
4.360000e-06	1.047588e-09	4.469212e-10	9.327863e+00	5.484499e+01
4.370000e-06	1.048787e-09	4.472161e-10	9.338538e+00	5.495596e+01
4.380000e-06	1.049939e-09	4.476731e-10	9.348800e+00	5.506248e+01
4.390000e-06	1.051045e-09	4.498042e-10	9.358648e+00	5.516347e+01
4.400000e-06	1.052109e-09	4.517665e-10	9.368124e+00	5.525779e+01
4.410000e-06	1.053134e-09	4.523502e-10	9.377248e+00	5.534438e+01
4.420000e-06	1.054123e-09	4.529095e-10	9.386050e+00	5.542261e+01
4.430000e-06	1.055082e-09	4.542897e-10	9.394595e+00	5.549246e+01
4.440000e-06	1.056006e-09	4.553456e-10	9.402820e+00	5.555463e+01
4.450000e-06	1.056896e-09	4.551914e-10	9.410740e+00	5.561059e+01
4.460000e-06	1.057753e-09	4.567524e-10	9.418374e+00	5.566247e+01
4.470000e-06	1.058565e-09	4.616893e-10	9.425605e+00	5.571283e+01
4.480000e-06	1.059322e-09	4.660043e-10	9.432349e+00	5.576444e+01
4.490000e-06	1.060018e-09	4.640102e-10	9.438547e+00	5.581993e+01
4.500000e-06	1.060656e-09	4.540016e-10	9.444225e+00	5.588150e+01
4.510000e-06	1.061241e-09	4.322792e-10	9.449435e+00	5.595063e+01
4.520000e-06	1.061763e-09	4.044789e-10	9.454077e+00	5.602799e+01
4.530000e-06	1.062224e-09	4.050326e-10	9.458189e+00	5.611334e+01
4.540000e-06	1.062631e-09	4.700169e-10	9.461811e+00	5.620563e+01
4.550000e-06	1.062977e-09	5.972189e-10	9.464886e+00	5.630317e+01
4.560000e-06	1.063250e-09	6.864823e-10	9.467321e+00	5.640392e+01
4.570000e-06	1.063448e-09	6.094976e-10	9.469084e+00	5.650574e+01
4.580000e-06	1.063593e-09	4.257546e-10	9.470379e+00	5.660671e+01
4.590000e-06	1.063718e-09	2.656752e-10	9.471491e+00	5.670534e+01
4.600000e-06	1.063817e-09	2.216522e-10	9.472367e+00	5.680070e+01
4.610000e-06	1.063865e-09	3.135817e-10	9.472795e+00	5.689244e+01
4.620000e-06	1.063849e-09	4.714074e-10	9.472655e+00	5.698067e+01
4.630000e-06	1.063771e-09	6.412160e-10	9.471962e+00	5.706580e+01
4.640000e-06	1.063655e-09	7.211355e-10	9.470925e+00	5.714821e+01
4.650000e-06	1.063512e-09	6.623165e-10	9.469651e+00	5.722802e+01
4.660000e-06	1.063339e-09	5.206131e-10	9.468112e+00	5.730479e+01
4.670000e-06	1.063122e-09	3.881153e-10	9.466183e+00	5.737735e+01
4.680000e-06	1.062845e-09	3.383244e-10	9.463713e+00	5.744377e+01
4.690000e-06	1.062508e-09	3.936779e-10	9.460710e+00	5.750140e+01
4.700000e-06	1.062122e-09	4.992098e-10	9.457282e+00	5.754710e+01
4.710000e-06	1.061697e-09	5.626659e-10	9.453490e+00	5.757758e+01
4.720000e-06	1.061233e-09	5.750574e-10	9.449358e+00	5.758981e+01
4.730000e-06	1.060731e-09	5.217063e-10	9.444889e+00	5.758140e+01
4.740000e-06	1.060181e-09	4.497378e-10	9.439993e+00	5.755105e+01
4.750000e-06	1.059581e-09	4.125619e-10	9.434650e+00	5.749876e+01
4.760000e-06	1.058953e-09	4.272844e-10	9.429061e+00	5.742602e+01
4.770000e-06	1.058306e-09	5.000652e-10	9.423301e+00	5.733575e+01
4.780000e-06	1.057636e-09	5.653973e-10	9.417331e+00	5.723206e+01
4.790000e-06	1.056923e-09	5.826703e-10	9.410987e+00	5.711995e+01
4.800000e-06	1.056160e-09	5.207635e-10	9.404187e+00	5.700474e+01
4.810000e-06	1.055354e-09	4.384107e-10	9.397015e+00	5.689158e+01
4.820000e-06	1.054495e-09	3.925905e-10	9.389364e+00	5.678495e+01
4.830000e-06	1.053582e-09	4.092412e-10	9.381233e+00	5.668816e+01
4.840000e-06	1.052599e-09	4.856532e-10	9.372483e+00	5.660310e+01
4.850000e-06	1.051529e-09	5.481280e-10	9.362960e+00	5.653008e+01
4.860000e-06	1.050381e-09	5.612729e-10	9.352736e+00	5.646791e+01
4.870000e-06	1.049161e-09	5.134540e-10	9.341869e+00	5.641417e+01
4.880000e-06	1.047884e-09	4.532885e-10	9.330500e+00	5.636556e+01
4.890000e-06	1.046552e-09	4.233851e-10	9.318641e+00	5.631840e+01
4.900000e-06	1.045165e-09	4.371242e-10	9.306287e+00	5.626912e+01
4.910000e-06	1.043729e-09	4.765282e-10	9.293502e+00	5.621473e+01
4.920000e-06	1.042253e-09	5.064786e-10	9.280360e+00	5.615318e+01
4.930000e-06	1.040746e-09	5.189375e-10	9.266947e+00	5.608354e+01
4.940000e-06	1.039206e-09	5.043313e-10	9.253228e+00	5.600603e+01
4.950000e-06	1.037621e-09	4.810315e-10	9.239120e+00	5.592192e+01
4.960000e-06	1.035991e-09	4.593683e-10	9.224603e+00	5.583322e+01
4.970000e-06	1.034331e-09	4.522917e-10	9.209822e+00	5.574230e+01
4.980000e-06	1.032633e-09	4.622269e-10	9.194703e+00	5.565154e+01
4.990000e-06	1.030886e-09	4.783753e-10	9.179149e+00	5.556285e+01
5.000000e-06	1.029094e-09	4.936734e-10	9.163195e+00	5.547747e+01
5.010000e-06	1.027259e-09	4.939556e-10	9.146855e+00	5.539571e+01
5.020000e-06	1.025384e-09	4.866178e-10	9.130158e+00	5.531699e+01
5.030000e-06	1.023466e-09	4.745109e-10	9.113077e+00	5.523991e+01
5.040000e-06	1.021500e-09	4.690949e-10	9.095571e+00	5.516251e+01
5.050000e-06	1.019477e-09	4.723633e-10	9.077560e+00	5.508261e+01
5.060000e-06	1.017398e-09	4.797621e-10	9.059051e+00	5.499813e+01
5.070000e-06	1.015276e-09	4.871728e-10	9.040156e+00	5.490747e+01
5.080000e-06	1.013113e-09	4.860916e-10	9.020891e+00	5.480975e+01
5.090000e-06	1.010904e-09	4.818199e-10	9.001226e+00	5.470493e+01
5.100000e-06	1.008652e-09	4.719374e-10	8.981173e+00	5.459384e+01
5.110000e-06	1.006352e-09	4.658493e-10	8.960691e+00	5.447804e+01
5.120000e-06	1.003995e-09	4.657291e-10	8.939707e+00	5.435959e+01
5.130000e-06	1.001574e-09	4.755930e-10	8.918154e+00	5.424071e+01
5.140000e-06	9.990883e-10	4.898368e-10	8.896018e+00	5.412348e+01
5.150000e-06	9.965318e-10	4.940583e-10	8.873254e+00	5.400950e+01
5.160000e-06	9.939146e-10	4.891996e-10	8.849950e+00	5.389967e+01
5.170000e-06	9.912348e-10	4.759671e-10	8.826089e+00	5.379406e+01
5.180000e-06	9.884797e-10	4.678481e-10	8.801557e+00	5.369189e+01
5.190000e-06	9.856535e-10	4.652097e-10	8.776392e+00	5.359171e+01
5.200000e-06	9.827667e-10	4.673665e-10	8.750687e+00	5.349160e+01
5.210000e-06	9.798328e-10	4.720692e-10	8.724563e+00	5.338945e+01
5.220000e-06	9.768563e-10	4.774004e-10	8.698061e+00	5.328332e+01
5.230000e-06	9.738424e-10	4.831346e-10	8.671224e+00	5.317170e+01
5.240000e-06	9.707875e-10	4.808053e-10	8.644023e+00	5.305371e+01
5.250000e-06	9.676967e-10	4.735749e-10	8.616502e+00	5.292923e+01
5.260000e-06	9.645726e-10	4.634260e-10	8.588685e+00	5.279888e+01
5.270000e-06	9.614089e-10	4.592195e-10	8.560514e+00	5.266385e+01
5.280000e-06	9.582035e-10	4.614888e-10	8.531974e+00	5.252573e+01
5.290000e-06	9.549552e-10	4.641164e-10	8.503050e+00	5.238618e+01
5.300000e-06	9.516616e-10	4.653235e-10	8.473724e+00	5.224669e+01
5.310000e-06	9.483241e-10	4.643554e-10	8.444006e+00	5.210826e+01
5.320000e-06	9.449514e-10	4.652058e-10	8.413975e+00	5.197127e+01
5.330000e-06	9.415419e-10	4.639781e-10	8.383616e+00	5.183538e+01
5.340000e-06	9.380932e-10	4.608284e-10	8.352909e+00	5.169957e+01
5.350000e-06	9.346042e-10	4.542138e-10	8.321842e+00	5.156231e+01
5.360000e-06	9.310743e-10	4.493211e-10	8.290411e+00	5.142179e+01
5.370000e-06	9.275101e-10	4.488345e-10	8.258675e+00	5.127618e+01
5.380000e-06	9.239063e-10	4.487439e-10	8.226586e+00	5.112398e+01
5.390000e-06	9.202534e-10	4.509974e-10	8.194061e+00	5.096420e+01
5.400000e-06	9.165581e-10	4.511667e-10	8.161157e+00	5.079658e+01
5.410000e-06	9.128283e-10	4.502122e-10	8.127947e+00	5.062164e+01
5.420000e-06	9.090711e-10	4.466920e-10	8.094492e+00	5.044063e+01
5.430000e-06	9.052875e-10	4.426577e-10	8.060802e+00	5.025538e+01
5.440000e-06	9.014686e-10	4.389114e-10	8.026798e+00	5.006804e+01
5.450000e-06	8.976210e-10	4.352750e-10	7.992538e+00	4.988080e+01
5.460000e-06	8.937553e-10	4.357751e-10	7.958118e+00	4.969560e+01
5.470000e-06	8.898558e-10	4.368754e-10	7.923396e+00	4.951384e+01
5.480000e-06	8.859166e-10	4.381777e-10	7.888321e+00	4.933623e+01
5.490000e-06	8.819449e-10	4.380963e-10	7.852956e+00	4.916267e+01
5.500000e-06	8.779293e-10	4.383515e-10	7.817201e+00	4.899228e+01
5.510000e-06	8.738652e-10	4.376359e-10	7.781014e+00	4.882350e+01
5.520000e-06	8.697523e-10	4.337750e-10	7.744392e+00	4.865433e+01
5.530000e-06	8.655760e-10	4.285280e-10	7.707206e+00	4.848255e+01
5.540000e-06	8.613362e-10	4.237344e-10	7.669454e+00	4.830599e+01
5.550000e-06	8.570400e-10	4.234145e-10	7.631200e+00	4.812279e+01
5.560000e-06	8.526801e-10	4.239384e-10	7.592379e+00	4.793155e+01
5.570000e-06	8.482610e-10	4.243336e-10	7.553031e+00	4.773147e+01
5.580000e-06	8.437850e-10	4.224589e-10	7.513176e+00	4.752239e+01
5.590000e-06	8.392625e-10	4.182536e-10	7.472907e+00	4.730468e+01
5.600000e-06	8.346966e-10	4.139740e-10	7.432251e+00	4.707919e+01
5.610000e-06	8.300860e-10	4.097202e-10	7.391198e+00	4.684708e+01
5.620000e-06	8.254441e-10	4.087160e-10	7.349866e+00	4.660962e+01
5.630000e-06	8.207742e-10	4.096743e-10	7.308284e+00	4.636812e+01
5.640000e-06	8.160827e-10	4.130078e-10	7.266510e+00	4.612375e+01
5.650000e-06	8.113703e-10	4.149451e-10	7.224551e+00	4.587750e+01
5.660000e-06	8.066334e-10	4.120104e-10	7.182373e+00	4.563017e+01
5.670000e-06	8.018671e-10	4.062878e-10	7.139933e+00	4.538242e+01
5.680000e-06	7.970706e-10	4.031219e-10	7.097225e+00	4.513473e+01
5.690000e-06	7.922421e-10	4.037962e-10	7.054231e+00	4.488754e+01
5.700000e-06	7.873788e-10	4.041970e-10	7.010927e+00	4.464121e+01
5.710000e-06	7.824869e-10	4.045427e-10	6.967369e+00	4.439605e+01
5.720000e-06	7.775571e-10	4.038353e-10	6.923474e+00	4.415228e+01
5.730000e-06	7.725860e-10	4.033206e-10	6.879210e+00	4.390995e+01
5.740000e-06	7.675803e-10	4.010400e-10	6.834638e+00	4.366885e+01
5.750000e-06	7.625429e-10	3.975272e-10	6.789785e+00	4.342847e+01
5.760000e-06	7.574725e-10	3.944220e-10	6.744638e+00	4.318791e+01
5.770000e-06	7.523655e-10	3.928178e-10	6.699164e+00	4.294590e+01
5.780000e-06	7.472320e-10	3.960891e-10	6.653455e+00	4.270087e+01
5.790000e-06	7.420690e-10	3.973167e-10	6.607482e+00	4.245106e+01
5.800000e-06	7.368634e-10	3.946253e-10	6.561132e+00	4.219476e+01
5.810000e-06	7.316234e-10	3.902098e-10	6.514474e+00	4.193052e+01
5.820000e-06	7.263551e-10	3.865584e-10	6.467564e+00	4.165738e+01
5.830000e-06	7.210529e-10	3.855939e-10	6.420353e+00	4.137512e+01
5.840000e-06	7.157135e-10	3.831493e-10	6.372810e+00	4.108439e+01
5.850000e-06	7.103416e-10	3.803296e-10	6.324978e+00	4.078674e+01
5.860000e-06	7.049427e-10	3.775241e-10	6.276905e+00	4.048455e+01
5.870000e-06	6.995171e-10	3.734439e-10	6.228595e+00	4.018086e+01
5.880000e-06	6.940745e-10	3.675057e-10	6.180133e+00	3.987904e+01
5.890000e-06	6.886134e-10	3.607824e-10	6.131507e+00	3.958243e+01
5.900000e-06	6.831337e-10	3.573247e-10	6.082715e+00	3.929394e+01
5.910000e-06	6.776376e-10	3.578149e-10	6.033777e+00	3.901570e+01
5.920000e-06	6.721157e-10	3.604018e-10	5.984609e+00	3.874876e+01
5.930000e-06	6.665739e-10	3.602104e-10	5.935264e+00	3.849294e+01
5.940000e-06	6.610096e-10	3.547585e-10	5.885719e+00	3.824684e+01
5.950000e-06	6.554204e-10	3.461872e-10	5.835952e+00	3.800801e+01
5.960000e-06	6.498064e-10	3.397606e-10	5.785964e+00	3.777324e+01
5.970000e-06	6.441547e-10	3.372491e-10	5.735641e+00	3.753902e+01
5.980000e-06	6.384616e-10	3.369455e-10	5.684949e+00	3.730195e+01
5.990000e-06	6.327276e-10	3.384833e-10	5.633893e+00	3.705926e+01
6.000000e-06	6.269493e-10	3.405666e-10	5.582442e+00	3.680908e+01
6.010000e-06	6.211204e-10	3.406324e-10	5.530540e+00	3.655076e+01
6.020000e-06	6.152463e-10	3.344885e-10	5.478237e+00	3.628484e+01
6.030000e-06	6.093282e-10	3.242336e-10	5.425541e+00	3.601293e+01
6.040000e-06	6.033556e-10	3.136649e-10	5.372360e+00	3.573738e+01
6.050000e-06	5.973360e-10	3.099481e-10	5.318761e+00	3.546084e+01
6.060000e-06	5.912695e-10	3.141886e-10	5.264744e+00	3.518575e+01
6.070000e-06	5.851645e-10	3.177381e-10	5.210384e+00	3.491383e+01
6.080000e-06	5.790282e-10	3.171883e-10	5.155746e+00	3.464569e+01
6.090000e-06	5.728645e-10	3.128419e-10	5.100863e+00	3.438061e+01
6.100000e-06	5.666793e-10	3.095084e-10	5.045790e+00	3.411647e+01
6.110000e-06	5.604615e-10	3.067538e-10	4.990426e+00	3.384999e+01
6.120000e-06	5.542155e-10	3.014357e-10	4.934810e+00	3.357712e+01
6.130000e-06	5.479574e-10	2.940358e-10	4.879087e+00	3.329359e+01
6.140000e-06	5.416831e-10	2.863540e-10	4.823220e+00	3.299555e+01
6.150000e-06	5.353884e-10	2.815258e-10	4.767171e+00	3.268026e+01
6.160000e-06	5.290844e-10	2.776502e-10	4.711039e+00	3.234652e+01
6.170000e-06	5.227682e-10	2.772834e-10	4.654799e+00	3.199513e+01
6.180000e-06	5.164341e-10	2.810582e-10	4.598400e+00	3.162887e+01
6.190000e-06	5.100887e-10	2.853246e-10	4.541899e+00	3.125238e+01
6.200000e-06	5.037321e-10	2.862326e-10	4.485299e+00	3.087170e+01
6.210000e-06	4.973636e-10	2.794235e-10	4.428593e+00	3.049360e+01
6.220000e-06	4.909707e-10	2.674292e-10	4.371670e+00	3.012478e+01
6.230000e-06	4.845524e-10	2.565957e-10	4.314521e+00	2.977107e+01
6.240000e-06	4.781177e-10	2.516705e-10	4.257225e+00	2.943665e+01
6.250000e-06	4.716587e-10	2.501421e-10	4.199713e+00	2.912352e+01
6.260000e-06	4.651863e-10	2.525525e-10	4.142082e+00	2.883122e+01
6.270000e-06	4.586958e-10	2.591234e-10	4.084290e+00	2.855681e+01
6.280000e-06	4.521755e-10	2.636080e-10	4.026232e+00	2.829526e+01
6.290000e-06	4.456278e-10	2.612851e-10	3.967931e+00	2.804000e+01
6.300000e-06	4.390532e-10	2.519338e-10	3.909390e+00	2.778379e+01
6.310000e-06	4.324667e-10	2.416087e-10	3.850742e+00	2.751956e+01
6.320000e-06	4.258643e-10	2.344330e-10	3.791954e+00	2.724133e+01
6.330000e-06	4.192350e-10	2.330760e-10	3.732926e+00	2.694486e+01
6.340000e-06	4.125919e-10	2.352560e-10	3.673775e+00	2.662822e+01
6.350000e-06	4.059310e-10	2.359008e-10	3.614466e+00	2.629186e+01
6.360000e-06	3.992449e-10	2.344060e-10	3.554931e+00	2.593854e+01
6.370000e-06	3.925443e-10	2.314533e-10	3.495268e+00	2.557279e+01
6.380000e-06	3.858333e-10	2.277244e-10	3.435513e+00	2.520026e+01
6.390000e-06	3.791021e-10	2.215706e-10	3.375577e+00	2.482687e+01
6.400000e-06	3.723576e-10	2.160483e-10	3.315524e+00	2.445790e+01
6.410000e-06	3.656085e-10	2.140552e-10	3.255429e+00	2.409728e+01
6.420000e-06	3.588378e-10	2.148770e-10	3.195141e+00	2.374702e+01
6.430000e-06	3.520448e-10	2.147436e-10	3.134656e+00	2.340690e+01
6.440000e-06	3.452407e-10	2.110315e-10	3.074071e+00	2.307455e+01
6.450000e-06	3.384238e-10	2.076843e-10	3.013372e+00	2.274579e+01
6.460000e-06	3.315895e-10	2.057434e-10	2.952518e+00	2.241523e+01
6.470000e-06	3.247414e-10	2.032077e-10	2.891542e+00	2.207707e+01
6.480000e-06	3.178700e-10	1.964358e-10	2.830358e+00	2.172590e+01
6.490000e-06	3.109753e-10	1.878460e-10	2.768967e+00	2.135749e+01
6.500000e-06	3.040719e-10	1.823878e-10	2.707498e+00	2.096941e+01
6.510000e-06	2.971558e-10	1.794079e-10	2.645916e+00	2.056133e+01
6.520000e-06	2.902192e-10	1.771451e-10	2.584152e+00	2.013512e+01
6.530000e-06	2.832631e-10	1.731413e-10	2.522214e+00	1.969452e+01
6.540000e-06	2.763024e-10	1.699835e-10	2.460235e+00	1.924469e+01
6.550000e-06	2.693332e-10	1.702590e-10	2.398180e+00	1.879147e+01
6.560000e-06	2.623434e-10	1.700316e-10	2.335942e+00	1.834059e+01
6.570000e-06	2.553355e-10	1.646927e-10	2.273543e+00	1.789692e+01
6.580000e-06	2.483227e-10	1.561936e-10	2.211100e+00	1.746386e+01
6.590000e-06	2.413099e-10	1.489311e-10	2.148657e+00	1.704297e+01
6.600000e-06	2.342851e-10	1.440299e-10	2.086107e+00	1.663380e+01
6.610000e-06	2.272490e-10	1.387371e-10	2.023457e+00	1.623413e+01
6.620000e-06	2.202086e-10	1.324185e-10	1.960768e+00	1.584037e+01
6.630000e-06	2.131594e-10	1.302504e-10	1.898001e+00	1.544819e+01
6.640000e-06	2.061028e-10	1.324560e-10	1.835168e+00	1.505324e+01
6.650000e-06	1.990444e-10	1.339386e-10	1.772320e+00	1.465188e+01
6.660000e-06	1.919781e-10	1.309696e-10	1.709400e+00	1.424172e+01
6.670000e-06	1.849062e-10	1.221798e-10	1.646430e+00	1.382207e+01
6.680000e-06	1.778324e-10	1.128363e-10	1.583445e+00	1.339407e+01
6.690000e-06	1.707561e-10	1.068443e-10	1.520436e+00	1.296050e+01
6.700000e-06	1.636761e-10	1.025917e-10	1.457395e+00	1.252548e+01
6.710000e-06	1.565915e-10	9.927622e-11	1.394313e+00	1.209387e+01
6.720000e-06	1.495040e-10	9.884244e-11	1.331205e+00	1.167057e+01
6.730000e-06	1.424170e-10	1.006253e-10	1.268101e+00	1.125987e+01
6.740000e-06	1.353279e-10	1.006208e-10	1.204979e+00	1.086487e+01
6.750000e-06	1.282358e-10	9.659705e-11	1.141830e+00	1.048705e+01
6.760000e-06	1.211415e-10	8.862069e-11	1.078662e+00	1.012610e+01
6.770000e-06	1.140437e-10	7.973015e-11	1.015461e+00	9.779997e+00
6.780000e-06	1.069471e-10	7.381970e-11	9.522724e-01	9.445325e+00
6.790000e-06	9.984807e-11	7.255820e-11	8.890617e-01	9.117744e+00
6.800000e-06	9.274724e-11	7.338989e-11	8.258349e-01	8.792608e+00
6.810000e-06	8.564811e-11	7.372969e-11	7.626233e-01	8.465583e+00
6.820000e-06	7.854717e-11	7.381319e-11	6.993956e-01	8.133192e+00
6.830000e-06	7.144105e-11	7.155931e-11	6.361218e-01	7.793216e+00
6.840000e-06	6.433211e-11	6.620046e-11	5.728228e-01	7.444888e+00
6.850000e-06	5.722461e-11	6.093273e-11	5.095367e-01	7.088862e+00
6.860000e-06	5.012036e-11	5.711825e-11	4.462795e-01	6.726979e+00
6.870000e-06	4.301435e-11	5.536453e-11	3.830066e-01	6.361856e+00
6.880000e-06	3.590615e-11	5.462621e-11	3.197142e-01	5.996379e+00
6.890000e-06	2.879784e-11	5.128921e-11	2.564209e-01	5.633183e+00
6.900000e-06	2.168665e-11	4.559879e-11	1.931019e-01	5.274192e+00
6.910000e-06	1.457375e-11	4.246169e-11	1.297677e-01	4.920286e+00
6.920000e-06	7.462044e-12	4.194217e-11	6.644406e-02	4.571160e+00
6.930000e-06	3.488445e-13	4.084140e-11	3.107162e-03	4.225371e+00
6.940000e-06	-6.767020e-12	3.852894e-11	-6.025347e-02	3.880572e+00
6.950000e-06	-1.387716e-11	3.534724e-11	-1.235631e-01	3.533895e+00
6.960000e-06	-2.098354e-11	3.256643e-11	-1.868393e-01	3.182404e+00
6.970000e-06	-2.808962e-11	2.860298e-11	-2.501128e-01	2.823561e+00
6.980000e-06	-3.519403e-11	2.231710e-11	-3.133714e-01	2.455618e+00
6.990000e-06	-4.230010e-11	1.632663e-11	-3.766448e-01	2.077885e+00
7.000000e-06	-4.941116e-11	1.390887e-11	-4.399627e-01	1.690822e+00
7.010000e-06	-5.651906e-11	1.589296e-11	-5.032524e-01	1.295952e+00
7.020000e-06	-6.362260e-11	1.655034e-11	-5.665032e-01	8.956063e-01
7.030000e-06	-7.072979e-11	1.273696e-11	-6.297865e-01	4.925526e-01
7.040000e-06	-7.783625e-11	7.575483e-12	-6.930635e-01	8.955788e-02
7.050000e-06	-8.493571e-11	4.560892e-12	-7.562780e-01	-3.110321e-01
7.060000e-06	-9.203280e-11	1.898557e-12	-8.194714e-01	-7.076341e-01
7.070000e-06	-9.912685e-11	-4.121851e-12	-8.826378e-01	-1.099630e+00
7.080000e-06	-1.062188e-10	-1.113189e-11	-9.457858e-01	-1.487401e+00
7.090000e-06	-1.133145e-10	-1.440612e-11	-1.008967e+00	-1.872180e+00
7.100000e-06	-1.204074e-10	-1.243040e-11	-1.072123e+00	-2.255758e+00
7.110000e-06	-1.274982e-10	-1.140680e-11	-1.135260e+00	-2.640081e+00
7.120000e-06	-1.345893e-10	-1.582258e-11	-1.198400e+00	-3.026811e+00
7.130000e-06	-1.416755e-10	-2.337333e-11	-1.261497e+00	-3.416917e+00
7.140000e-06	-1.487578e-10	-2.988570e-11	-1.324558e+00	-3.810385e+00
7.150000e-06	-1.558372e-10	-3.410646e-11	-1.387594e+00	-4.206069e+00
7.160000e-06	-1.629140e-10	-3.866960e-11	-1.450607e+00	-4.601754e+00
7.170000e-06	-1.699894e-10	-4.236024e-11	-1.513608e+00	-4.994393e+00
7.180000e-06	-1.770594e-10	-4.301204e-11	-1.576560e+00	-5.380517e+00
7.190000e-06	-1.841239e-10	-4.191158e-11	-1.639463e+00	-5.756747e+00
7.200000e-06	-1.911857e-10	-4.385436e-11	-1.702342e+00	-6.120339e+00
7.210000e-06	-1.982427e-10	-5.077559e-11	-1.765179e+00	-6.469679e+00
7.220000e-06	-2.052957e-10	-5.860393e-11	-1.827980e+00	-6.804648e+00
7.230000e-06	-2.123398e-10	-6.383378e-11	-1.890701e+00	-7.126792e+00
7.240000e-06	-2.193806e-10	-6.480792e-11	-1.953393e+00	-7.439273e+00
7.250000e-06	-2.264165e-10	-6.476846e-11	-2.016042e+00	-7.746575e+00
7.260000e-06	-2.334345e-10	-6.716595e-11	-2.078531e+00	-8.054019e+00
7.270000e-06	-2.404424e-10	-7.142734e-11	-2.140930e+00	-8.367120e+00
7.280000e-06	-2.474451e-10	-7.480919e-11	-2.203283e+00	-8.690893e+00
7.290000e-06	-2.544302e-10	-7.775003e-11	-2.265479e+00	-9.029180e+00
7.300000e-06	-2.613995e-10	-8.321816e-11	-2.327536e+00	-9.384101e+00
7.310000e-06	-2.683587e-10	-8.845901e-11	-2.389501e+00	-9.755703e+00
7.320000e-06	-2.753007e-10	-9.050134e-11	-2.451314e+00	-1.014186e+01
7.330000e-06	-2.822329e-10	-8.987542e-11	-2.513039e+00	-1.053847e+01
7.340000e-06	-2.891538e-10	-9.193253e-11	-2.574663e+00	-1.093983e+01
7.350000e-06	-2.960590e-10	-9.850676e-11	-2.636148e+00	-1.133936e+01
7.360000e-06	-3.029434e-10	-1.050153e-10	-2.697448e+00	-1.173031e+01
7.370000e-06	-3.098116e-10	-1.096745e-10	-2.758603e+00	-1.210660e+01
7.380000e-06	-3.166668e-10	-1.133747e-10	-2.819643e+00	-1.246359e+01
7.390000e-06	-3.235070e-10	-1.160528e-10	-2.880549e+00	-1.279862e+01
7.400000e-06	-3.303350e-10	-1.171974e-10	-2.941346e+00	-1.311145e+01
7.410000e-06	-3.371427e-10	-1.173864e-10	-3.001963e+00	-1.340428e+01
7.420000e-06	-3.439293e-10	-1.197944e-10	-3.062391e+00	-1.368162e+01
7.430000e-06	-3.506992e-10	-1.245215e-10	-3.122672e+00	-1.394978e+01
7.440000e-06	-3.574575e-10	-1.279269e-10	-3.182849e+00	-1.421627e+01
7.450000e-06	-3.642034e-10	-1.308175e-10	-3.242915e+00	-1.448895e+01
7.460000e-06	-3.709363e-10	-1.350423e-10	-3.302866e+00	-1.477525e+01
7.470000e-06	-3.776601e-10	-1.384662e-10	-3.362736e+00	-1.508139e+01
7.480000e-06	-3.843669e-10	-1.412278e-10	-3.422454e+00	-1.541176e+01
7.490000e-06	-3.910519e-10	-1.447803e-10	-3.481978e+00	-1.576851e+01
7.500000e-06	-3.977228e-10	-1.492568e-10	-3.541376e+00	-1.615137e+01
7.510000e-06	-4.043744e-10	-1.539162e-10	-3.600603e+00	-1.655781e+01
7.520000e-06	-4.110113e-10	-1.564489e-10	-3.659699e+00	-1.698326e+01
7.530000e-06	-4.176326e-10	-1.599529e-10	-3.718656e+00	-1.742176e+01
7.540000e-06	-4.242264e-10	-1.658155e-10	-3.777368e+00	-1.786651e+01
7.550000e-06	-4.308021e-10	-1.709020e-10	-3.835919e+00	-1.831060e+01
7.560000e-06	-4.373651e-10	-1.759167e-10	-3.894357e+00	-1.874769e+01
7.570000e-06	-4.439048e-10	-1.816199e-10	-3.952587e+00	-1.917258e+01
7.580000e-06	-4.504155e-10	-1.859875e-10	-4.010559e+00	-1.958164e+01
7.590000e-06	-4.569047e-10	-1.885700e-10	-4.068340e+00	-1.997306e+01
7.600000e-06	-4.633723e-10	-1.908989e-10	-4.125929e+00	-2.034692e+01
7.610000e-06	-4.698187e-10	-1.919586e-10	-4.183328e+00	-2.070504e+01
7.620000e-06	-4.762438e-10	-1.924650e-10	-4.240538e+00	-2.105077e+01
7.630000e-06	-4.826395e-10	-1.945167e-10	-4.297486e+00	-2.138854e+01
7.640000e-06	-4.890186e-10	-1.969832e-10	-4.354286e+00	-2.172341e+01
7.650000e-06	-4.953852e-10	-2.005261e-10	-4.410975e+00	-2.206065e+01
7.660000e-06	-5.017313e-10	-2.045659e-10	-4.467482e+00	-2.240521e+01
7.670000e-06	-5.080661e-10	-2.089977e-10	-4.523888e+00	-2.276141e+01
7.680000e-06	-5.143899e-10	-2.137787e-10	-4.580196e+00	-2.313254e+01
7.690000e-06	-5.206982e-10	-2.175924e-10	-4.636366e+00	-2.352072e+01
7.700000e-06	-5.269930e-10	-2.206258e-10	-4.692416e+00	-2.392676e+01
7.710000e-06	-5.332728e-10	-2.231577e-10	-4.748332e+00	-2.435017e+01
7.720000e-06	-5.395377e-10	-2.259325e-10	-4.804116e+00	-2.478924e+01
7.730000e-06	-5.457887e-10	-2.289796e-10	-4.859775e+00	-2.524119e+01
7.740000e-06	-5.520221e-10	-2.331845e-10	-4.915278e+00	-2.570240e+01
7.750000e-06	-5.582345e-10	-2.399510e-10	-4.970594e+00	-2.616870e+01
7.760000e-06	-5.644180e-10	-2.471940e-10	-5.025653e+00	-2.663563e+01
7.770000e-06	-5.705717e-10	-2.521774e-10	-5.080446e+00	-2.709880e+01
7.780000e-06	-5.766926e-10	-2.544752e-10	-5.134948e+00	-2.755416e+01
7.790000e-06	-5.827739e-10	-2.556571e-10	-5.189096e+00	-2.799829e+01
7.800000e-06	-5.888141e-10	-2.575354e-10	-5.242879e+00	-2.842866e+01
7.810000e-06	-5.948198e-10	-2.600406e-10	-5.296355e+00	-2.884379e+01
7.820000e-06	-6.007844e-10	-2.624856e-10	-5.349464e+00	-2.924338e+01
7.830000e-06	-6.066909e-10	-2.650436e-10	-5.402056e+00	-2.962832e+01
7.840000e-06	-6.125483e-10	-2.683825e-10	-5.454212e+00	-3.000061e+01
7.850000e-06	-6.183624e-10	-2.710073e-10	-5.505981e+00	-3.036320e+01
7.860000e-06	-6.241304e-10	-2.737462e-10	-5.557340e+00	-3.071969e+01
7.870000e-06	-6.298552e-10	-2.756438e-10	-5.608314e+00	-3.107405e+01
7.880000e-06	-6.355394e-10	-2.766516e-10	-5.658928e+00	-3.143018e+01
7.890000e-06	-6.411911e-10	-2.798629e-10	-5.709251e+00	-3.179156e+01
7.900000e-06	-6.468049e-10	-2.856997e-10	-5.759237e+00	-3.216086e+01
7.910000e-06	-6.523840e-10	-2.927081e-10	-5.808914e+00	-3.253967e+01
7.920000e-06	-6.579441e-10	-2.981213e-10	-5.858422e+00	-3.292826e+01
7.930000e-06	-6.634834e-10	-3.000182e-10	-5.907744e+00	-3.332555e+01
7.940000e-06	-6.689977e-10	-2.999330e-10	-5.956844e+00	-3.372916e+01
7.950000e-06	-6.744958e-10	-3.001369e-10	-6.005800e+00	-3.413563e+01
7.960000e-06	-6.799841e-10	-3.013741e-10	-6.054669e+00	-3.454074e+01
7.970000e-06	-6.854582e-10	-3.052551e-10	-6.103411e+00	-3.493992e+01
7.980000e-06	-6.909110e-10	-3.101096e-10	-6.151964e+00	-3.532874e+01
7.990000e-06	-6.963338e-10	-3.147096e-10	-6.200249e+00	-3.570334e+01
8.000000e-06	-7.017241e-10	-3.214585e-10	-6.248245e+00	-3.606084e+01
8.010000e-06	-7.070902e-10	-3.289833e-10	-6.296026e+00	-3.639963e+01
8.020000e-06	-7.124264e-10	-3.333905e-10	-6.343539e+00	-3.671955e+01
8.030000e-06	-7.177265e-10	-3.342151e-10	-6.390733e+00	-3.702186e+01
8.040000e-06	-7.229933e-10	-3.333434e-10	-6.437629e+00	-3.730909e+01
8.050000e-06	-7.282289e-10	-3.339141e-10	-6.484247e+00	-3.758474e+01
8.060000e-06	-7.334310e-10	-3.358294e-10	-6.530567e+00	-3.785285e+01
8.070000e-06	-7.386006e-10	-3.368860e-10	-6.576598e+00	-3.811755e+01
8.080000e-06	-7.437381e-10	-3.381516e-10	-6.622344e+00	-3.838253e+01
8.090000e-06	-7.488408e-10	-3.418212e-10	-6.667779e+00	-3.865070e+01
8.100000e-06	-7.539101e-10	-3.463856e-10	-6.712917e+00	-3.892379e+01
8.110000e-06	-7.589415e-10	-3.481625e-10	-6.757716e+00	-3.920222e+01
8.120000e-06	-7.639390e-10	-3.491954e-10	-6.802215e+00	-3.948505e+01
8.130000e-06	-7.689024e-10	-3.520269e-10	-6.846410e+00	-3.977019e+01
8.140000e-06	-7.738305e-10	-3.555365e-10	-6.890291e+00	-4.005464e+01
8.150000e-06	-7.787179e-10	-3.593416e-10	-6.933808e+00	-4.033494e+01
8.160000e-06	-7.835677e-10	-3.625154e-10	-6.976992e+00	-4.060766e+01
8.170000e-06	-7.883937e-10	-3.659679e-10	-7.019963e+00	-4.086984e+01
8.180000e-06	-7.931880e-10	-3.710546e-10	-7.062652e+00	-4.111944e+01
8.190000e-06	-7.979489e-10	-3.746117e-10	-7.105044e+00	-4.135566e+01
8.200000e-06	-8.026925e-10	-3.753953e-10	-7.147282e+00	-4.157909e+01
8.210000e-06	-8.074145e-10	-3.765136e-10	-7.189326e+00	-4.179172e+01
8.220000e-06	-8.121097e-10	-3.786935e-10	-7.231134e+00	-4.199676e+01
8.230000e-06	-8.167849e-10	-3.814444e-10	-7.272762e+00	-4.219828e+01
8.240000e-06	-8.214373e-10	-3.843052e-10	-7.314187e+00	-4.240084e+01
8.250000e-06	-8.260607e-10	-3.856902e-10	-7.355355e+00	-4.260888e+01
8.260000e-06	-8.306422e-10	-3.861638e-10	-7.396150e+00	-4.282628e+01
8.270000e-06	-8.351832e-10	-3.889505e-10	-7.436583e+00	-4.305588e+01
8.280000e-06	-8.396860e-10	-3.936673e-10	-7.476676e+00	-4.329910e+01
8.290000e-06	-8.441341e-10	-3.966806e-10	-7.516283e+00	-4.355578e+01
8.300000e-06	-8.485210e-10	-3.981336e-10	-7.555345e+00	-4.382415e+01
8.310000e-06	-8.528459e-10	-4.006276e-10	-7.593854e+00	-4.410096e+01
8.320000e-06	-8.571098e-10	-4.044325e-10	-7.631821e+00	-4.438188e+01
8.330000e-06	-8.613167e-10	-4.068079e-10	-7.669279e+00	-4.466190e+01
8.340000e-06	-8.654617e-10	-4.068602e-10	-7.706187e+00	-4.493587e+01
8.350000e-06	-8.695484e-10	-4.068909e-10	-7.742575e+00	-4.519908e+01
8.360000e-06	-8.735826e-10	-4.086402e-10	-7.778496e+00	-4.544775e+01
8.370000e-06	-8.775804e-10	-4.117933e-10	-7.814093e+00	-4.567945e+01
8.380000e-06	-8.815519e-10	-4.148027e-10	-7.849456e+00	-4.589335e+01
8.390000e-06	-8.854923e-10	-4.182347e-10	-7.884543e+00	-4.609031e+01
8.400000e-06	-8.893993e-10	-4.213034e-10	-7.919330e+00	-4.627276e+01
8.410000e-06	-8.932808e-10	-4.221875e-10	-7.953892e+00	-4.644444e+01
8.420000e-06	-8.971319e-10	-4.215046e-10	-7.988183e+00	-4.660996e+01
8.430000e-06	-9.009508e-10	-4.206100e-10	-8.022187e+00	-4.677429e+01
8.440000e-06	-9.047431e-10	-4.208167e-10	-8.055953e+00	-4.694223e+01
8.450000e-06	-9.084979e-10	-4.226894e-10	-8.089387e+00	-4.711785e+01
8.460000e-06	-9.122179e-10	-4.258033e-10	-8.122511e+00	-4.730409e+01
8.470000e-06	-9.159031e-10	-4.292642e-10	-8.155324e+00	-4.750242e+01
8.480000e-06	-9.195490e-10	-4.339453e-10	-8.187788e+00	-4.771276e+01
8.490000e-06	-9.231546e-10	-4.372192e-10	-8.219892e+00	-4.793350e+01
8.500000e-06	-9.267167e-10	-4.371555e-10	-8.251610e+00	-4.816175e+01
8.510000e-06	-9.302371e-10	-4.364745e-10	-8.282956e+00	-4.839367e+01
8.520000e-06	-9.337172e-10	-4.362980e-10	-8.313944e+00	-4.862498e+01
8.530000e-06	-9.371555e-10	-4.379754e-10	-8.344558e+00	-4.885147e+01
8.540000e-06	-9.405513e-10	-4.416523e-10	-8.374795e+00	-4.906945e+01
8.550000e-06	-9.439098e-10	-4.451113e-10	-8.404700e+00	-4.927618e+01
8.560000e-06	-9.472264e-10	-4.482808e-10	-8.434231e+00	-4.947014e+01
8.570000e-06	-9.504996e-10	-4.511075e-10	-8.463376e+00	-4.965117e+01
8.580000e-06	-9.537338e-10	-4.524489e-10	-8.492174e+00	-4.982036e+01
8.590000e-06	-9.569353e-10	-4.514889e-10	-8.520680e+00	-4.997989e+01
8.600000e-06	-9.601054e-10	-4.501362e-10	-8.548907e+00	-5.013261e+01
8.610000e-06	-9.632439e-10	-4.509708e-10	-8.576853e+00	-5.028163e+01
8.620000e-06	-9.663551e-10	-4.549906e-10	-8.604555e+00	-5.042986e+01
8.630000e-06	-9.694299e-10	-4.602994e-10	-8.631934e+00	-5.057954e+01
8.640000e-06	-9.724622e-10	-4.633290e-10	-8.658934e+00	-5.073192e+01
8.650000e-06	-9.754469e-10	-4.647470e-10	-8.685510e+00	-5.088706e+01
8.660000e-06	-9.783856e-10	-4.643935e-10	-8.711677e+00	-5.104375e+01
8.670000e-06	-9.812657e-10	-4.631236e-10	-8.737322e+00	-5.119970e+01
8.680000e-06	-9.840754e-10	-4.633741e-10	-8.762339e+00	-5.135180e+01
8.690000e-06	-9.868137e-10	-4.640937e-10	-8.786722e+00	-5.149652e+01
8.700000e-06	-9.894839e-10	-4.663459e-10	-8.810497e+00	-5.163045e+01
8.710000e-06	-9.920940e-10	-4.717240e-10	-8.833738e+00	-5.175073e+01
8.720000e-06	-9.946446e-10	-4.777291e-10	-8.856449e+00	-5.185550e+01
8.730000e-06	-9.971387e-10	-4.793684e-10	-8.878657e+00	-5.194425e+01
8.740000e-06	-9.995764e-10	-4.764044e-10	-8.900363e+00	-5.201795e+01
8.750000e-06	-1.001964e-09	-4.736276e-10	-8.921624e+00	-5.207905e+01
8.760000e-06	-1.004304e-09	-4.730061e-10	-8.942461e+00	-5.213128e+01
8.770000e-06	-1.006591e-09	-4.753761e-10	-8.962821e+00	-5.217931e+01
8.780000e-06	-1.008822e-09	-4.791306e-10	-8.982688e+00	-5.222828e+01
8.790000e-06	-1.011004e-09	-4.811878e-10	-9.002118e+00	-5.228326e+01
8.800000e-06	-1.013136e-09	-4.816831e-10	-9.021103e+00	-5.234879e+01
8.810000e-06	-1.015222e-09	-4.826839e-10	-9.039675e+00	-5.242837e+01
8.820000e-06	-1.017276e-09	-4.830691e-10	-9.057959e+00	-5.252418e+01
8.830000e-06	-1.019289e-09	-4.809181e-10	-9.075882e+00	-5.263690e+01
8.840000e-06	-1.021253e-09	-4.784372e-10	-9.093370e+00	-5.276574e+01
8.850000e-06	-1.023179e-09	-4.782078e-10	-9.110527e+00	-5.290856e+01
8.860000e-06	-1.025068e-09	-4.810388e-10	-9.127346e+00	-5.306224e+01
8.870000e-06	-1.026908e-09	-4.851143e-10	-9.143726e+00	-5.322307e+01
8.880000e-06	-1.028693e-09	-4.880686e-10	-9.159622e+00	-5.338716e+01
8.890000e-06	-1.030433e-09	-4.904132e-10	-9.175112e+00	-5.355092e+01
8.900000e-06	-1.032134e-09	-4.926432e-10	-9.190261e+00	-5.371135e+01
8.910000e-06	-1.033796e-09	-4.933269e-10	-9.205054e+00	-5.386627e+01
8.920000e-06	-1.035419e-09	-4.913019e-10	-9.219506e+00	-5.401447e+01
8.930000e-06	-1.037007e-09	-4.870316e-10	-9.233648e+00	-5.415560e+01
8.940000e-06	-1.038561e-09	-4.851064e-10	-9.247490e+00	-5.429004e+01
8.950000e-06	-1.040082e-09	-4.887112e-10	-9.261029e+00	-5.441862e+01
8.960000e-06	-1.041571e-09	-4.940080e-10	-9.274284e+00	-5.454234e+01
8.970000e-06	-1.043021e-09	-4.973761e-10	-9.287203e+00	-5.466209e+01
8.980000e-06	-1.044429e-09	-4.986135e-10	-9.299738e+00	-5.477837e+01
8.990000e-06	-1.045791e-09	-4.986444e-10	-9.311860e+00	-5.489122e+01
9.000000e-06	-1.047101e-09	-4.971950e-10	-9.323532e+00	-5.500014e+01
9.010000e-06	-1.048345e-09	-4.943241e-10	-9.334606e+00	-5.510421e+01
9.020000e-06	-1.049518e-09	-4.923454e-10	-9.345047e+00	-5.520223e+01
9.030000e-06	-1.050623e-09	-4.922615e-10	-9.354886e+00	-5.529303e+01
9.040000e-06	-1.051652e-09	-4.934701e-10	-9.364054e+00	-5.537570e+01
9.050000e-06	-1.052613e-09	-4.947158e-10	-9.372610e+00	-5.544982e+01
9.060000e-06	-1.053513e-09	-4.959026e-10	-9.380622e+00	-5.551570e+01
9.070000e-06	-1.054360e-09	-4.968043e-10	-9.388167e+00	-5.557440e+01
9.080000e-06	-1.055163e-09	-4.969689e-10	-9.395310e+00	-5.562774e+01
9.090000e-06	-1.055927e-09	-4.956488e-10	-9.402115e+00	-5.567812e+01
9.100000e-06	-1.056654e-09	-4.940217e-10	-9.408590e+00	-5.572829e+01
9.110000e-06	-1.057334e-09	-4.957980e-10	-9.414643e+00	-5.578104e+01
9.120000e-06	-1.057974e-09	-5.012174e-10	-9.420346e+00	-5.583888e+01
9.130000e-06	-1.058570e-09	-5.153834e-10	-9.425652e+00	-5.590376e+01
9.140000e-06	-1.059107e-09	-5.434915e-10	-9.430431e+00	-5.597682e+01
9.150000e-06	-1.059597e-09	-5.650516e-10	-9.434791e+00	-5.605833e+01
9.160000e-06	-1.060038e-09	-5.266496e-10	-9.438724e+00	-5.614766e+01
9.170000e-06	-1.060442e-09	-4.076409e-10	-9.442317e+00	-5.624341e+01
9.180000e-06	-1.060832e-09	-2.791000e-10	-9.445794e+00	-5.634365e+01
9.190000e-06	-1.061221e-09	-2.979860e-10	-9.449251e+00	-5.644620e+01
9.200000e-06	-1.061582e-09	-4.658370e-10	-9.452465e+00	-5.654893e+01
9.210000e-06	-1.061855e-09	-6.500732e-10	-9.454903e+00	-5.665000e+01
9.220000e-06	-1.062043e-09	-7.709575e-10	-9.456572e+00	-5.674809e+01
9.230000e-06	-1.062182e-09	-7.417376e-10	-9.457816e+00	-5.684248e+01
9.240000e-06	-1.062301e-09	-6.098559e-10	-9.458867e+00	-5.693297e+01
