# Temperatura_=_20.0
# Concentracion g/m^3_=_10770.0
# C_Vs_to_Am_M_A/Vsm_=_116720831517.84952
# pendiente_HvsI_1/m_=_3716.3
# ordenada_HvsI_A/m_=_1297.0
# frecuencia_Hz_=_108333.78640044515
# Promedio de 5 ciclos

Tiempo_(s)	Campo_(V.s)	Magnetizacion_(V.s)	Campo_(kA/m)	Magnetizacion_(A/m)
0.000000e+00	-6.947932e-09	-8.392363e-09	-5.765668e+01	-9.723624e+02
1.000000e-08	-6.947888e-09	-8.403481e-09	-5.765631e+01	-9.724013e+02
2.000000e-08	-6.947553e-09	-8.403646e-09	-5.765353e+01	-9.724425e+02
3.000000e-08	-6.946891e-09	-8.397118e-09	-5.764804e+01	-9.724881e+02
4.000000e-08	-6.945918e-09	-8.389632e-09	-5.763996e+01	-9.725383e+02
5.000000e-08	-6.944679e-09	-8.386375e-09	-5.762968e+01	-9.725901e+02
6.000000e-08	-6.943154e-09	-8.391996e-09	-5.761702e+01	-9.726373e+02
7.000000e-08	-6.941325e-09	-8.394745e-09	-5.760184e+01	-9.726702e+02
8.000000e-08	-6.939148e-09	-8.392972e-09	-5.758378e+01	-9.726763e+02
9.000000e-08	-6.936566e-09	-8.387384e-09	-5.756236e+01	-9.726409e+02
1.000000e-07	-6.933462e-09	-8.414893e-09	-5.753659e+01	-9.725485e+02
1.100000e-07	-6.929766e-09	-8.438148e-09	-5.750592e+01	-9.723844e+02
1.200000e-07	-6.925675e-09	-8.417509e-09	-5.747198e+01	-9.721361e+02
1.300000e-07	-6.921506e-09	-8.355445e-09	-5.743738e+01	-9.717955e+02
1.400000e-07	-6.917338e-09	-8.350957e-09	-5.740279e+01	-9.713597e+02
1.500000e-07	-6.912837e-09	-8.440571e-09	-5.736544e+01	-9.708325e+02
1.600000e-07	-6.907698e-09	-8.437713e-09	-5.732279e+01	-9.702245e+02
1.700000e-07	-6.902313e-09	-8.316771e-09	-5.727810e+01	-9.695529e+02
1.800000e-07	-6.896928e-09	-8.334860e-09	-5.723342e+01	-9.688404e+02
1.900000e-07	-6.891061e-09	-8.412303e-09	-5.718474e+01	-9.681141e+02
2.000000e-07	-6.884702e-09	-8.283952e-09	-5.713196e+01	-9.674025e+02
2.100000e-07	-6.878271e-09	-8.273634e-09	-5.707859e+01	-9.667341e+02
2.200000e-07	-6.871604e-09	-8.352285e-09	-5.702327e+01	-9.661342e+02
2.300000e-07	-6.864440e-09	-8.287666e-09	-5.696382e+01	-9.656229e+02
2.400000e-07	-6.857022e-09	-8.243769e-09	-5.690226e+01	-9.652133e+02
2.500000e-07	-6.849417e-09	-8.311021e-09	-5.683915e+01	-9.649104e+02
2.600000e-07	-6.841358e-09	-8.304716e-09	-5.677228e+01	-9.647103e+02
2.700000e-07	-6.833058e-09	-8.186349e-09	-5.670340e+01	-9.646014e+02
2.800000e-07	-6.824627e-09	-8.251044e-09	-5.663343e+01	-9.645650e+02
2.900000e-07	-6.815713e-09	-8.310735e-09	-5.655946e+01	-9.645774e+02
3.000000e-07	-6.806399e-09	-8.210686e-09	-5.648217e+01	-9.646124e+02
3.100000e-07	-6.796927e-09	-8.215491e-09	-5.640357e+01	-9.646437e+02
3.200000e-07	-6.787052e-09	-8.293682e-09	-5.632162e+01	-9.646473e+02
3.300000e-07	-6.776614e-09	-8.232151e-09	-5.623501e+01	-9.646037e+02
3.400000e-07	-6.765889e-09	-8.212100e-09	-5.614600e+01	-9.644995e+02
3.500000e-07	-6.754883e-09	-8.252850e-09	-5.605467e+01	-9.643281e+02
3.600000e-07	-6.743478e-09	-8.205177e-09	-5.596003e+01	-9.640895e+02
3.700000e-07	-6.731777e-09	-8.205592e-09	-5.586293e+01	-9.637902e+02
3.800000e-07	-6.719736e-09	-8.247102e-09	-5.576301e+01	-9.634413e+02
3.900000e-07	-6.707323e-09	-8.227121e-09	-5.566000e+01	-9.630569e+02
4.000000e-07	-6.694647e-09	-8.209183e-09	-5.555481e+01	-9.626523e+02
4.100000e-07	-6.681679e-09	-8.231837e-09	-5.544719e+01	-9.622417e+02
4.200000e-07	-6.668363e-09	-8.195741e-09	-5.533669e+01	-9.618368e+02
4.300000e-07	-6.654779e-09	-8.177304e-09	-5.522397e+01	-9.614455e+02
4.400000e-07	-6.640926e-09	-8.190245e-09	-5.510901e+01	-9.610713e+02
4.500000e-07	-6.626768e-09	-8.168099e-09	-5.499152e+01	-9.607133e+02
4.600000e-07	-6.612358e-09	-8.176890e-09	-5.487194e+01	-9.603668e+02
4.700000e-07	-6.597636e-09	-8.192101e-09	-5.474978e+01	-9.600242e+02
4.800000e-07	-6.582593e-09	-8.179218e-09	-5.462494e+01	-9.596766e+02
4.900000e-07	-6.567249e-09	-8.169096e-09	-5.449761e+01	-9.593151e+02
5.000000e-07	-6.551555e-09	-8.170005e-09	-5.436737e+01	-9.589322e+02
5.100000e-07	-6.535511e-09	-8.153910e-09	-5.423424e+01	-9.585230e+02
5.200000e-07	-6.519149e-09	-8.142201e-09	-5.409846e+01	-9.580857e+02
5.300000e-07	-6.502489e-09	-8.150965e-09	-5.396020e+01	-9.576216e+02
5.400000e-07	-6.485525e-09	-8.146810e-09	-5.381944e+01	-9.571355e+02
5.500000e-07	-6.468278e-09	-8.145398e-09	-5.367631e+01	-9.566342e+02
5.600000e-07	-6.450740e-09	-8.145949e-09	-5.353077e+01	-9.561259e+02
5.700000e-07	-6.432873e-09	-8.141747e-09	-5.338251e+01	-9.556189e+02
5.800000e-07	-6.414673e-09	-8.132605e-09	-5.323147e+01	-9.551203e+02
5.900000e-07	-6.396150e-09	-8.128724e-09	-5.307776e+01	-9.546356e+02
6.000000e-07	-6.377341e-09	-8.130421e-09	-5.292167e+01	-9.541670e+02
6.100000e-07	-6.358262e-09	-8.122799e-09	-5.276335e+01	-9.537142e+02
6.200000e-07	-6.338888e-09	-8.122784e-09	-5.260258e+01	-9.532736e+02
6.300000e-07	-6.319215e-09	-8.114041e-09	-5.243933e+01	-9.528394e+02
6.400000e-07	-6.299291e-09	-8.107459e-09	-5.227399e+01	-9.524041e+02
6.500000e-07	-6.279091e-09	-8.105057e-09	-5.210636e+01	-9.519597e+02
6.600000e-07	-6.258605e-09	-8.101205e-09	-5.193636e+01	-9.514985e+02
6.700000e-07	-6.237862e-09	-8.102974e-09	-5.176423e+01	-9.510139e+02
6.800000e-07	-6.216835e-09	-8.102131e-09	-5.158973e+01	-9.505019e+02
6.900000e-07	-6.195540e-09	-8.104908e-09	-5.141302e+01	-9.499604e+02
7.000000e-07	-6.173978e-09	-8.098435e-09	-5.123410e+01	-9.493902e+02
7.100000e-07	-6.152118e-09	-8.089661e-09	-5.105269e+01	-9.487944e+02
7.200000e-07	-6.129975e-09	-8.075213e-09	-5.086894e+01	-9.481779e+02
7.300000e-07	-6.107547e-09	-8.061945e-09	-5.068282e+01	-9.475468e+02
7.400000e-07	-6.084812e-09	-8.057994e-09	-5.049415e+01	-9.469075e+02
7.500000e-07	-6.061761e-09	-8.053161e-09	-5.030287e+01	-9.462659e+02
7.600000e-07	-6.038375e-09	-8.053965e-09	-5.010881e+01	-9.456267e+02
7.700000e-07	-6.014663e-09	-8.052444e-09	-4.991204e+01	-9.449930e+02
7.800000e-07	-5.990647e-09	-8.049943e-09	-4.971274e+01	-9.443661e+02
7.900000e-07	-5.966337e-09	-8.043005e-09	-4.951101e+01	-9.437452e+02
8.000000e-07	-5.941748e-09	-8.034271e-09	-4.930696e+01	-9.431278e+02
8.100000e-07	-5.916879e-09	-8.025429e-09	-4.910059e+01	-9.425102e+02
8.200000e-07	-5.891742e-09	-8.014013e-09	-4.889199e+01	-9.418878e+02
8.300000e-07	-5.866357e-09	-8.008824e-09	-4.868133e+01	-9.412556e+02
8.400000e-07	-5.840710e-09	-8.003635e-09	-4.846850e+01	-9.406090e+02
8.500000e-07	-5.814801e-09	-7.999407e-09	-4.825350e+01	-9.399439e+02
8.600000e-07	-5.788647e-09	-7.994608e-09	-4.803646e+01	-9.392570e+02
8.700000e-07	-5.762253e-09	-7.983782e-09	-4.781744e+01	-9.385465e+02
8.800000e-07	-5.735611e-09	-7.971454e-09	-4.759635e+01	-9.378111e+02
8.900000e-07	-5.708707e-09	-7.957596e-09	-4.737309e+01	-9.370510e+02
9.000000e-07	-5.681540e-09	-7.944619e-09	-4.714765e+01	-9.362668e+02
9.100000e-07	-5.654111e-09	-7.937008e-09	-4.692003e+01	-9.354600e+02
9.200000e-07	-5.626413e-09	-7.934635e-09	-4.669018e+01	-9.346325e+02
9.300000e-07	-5.598437e-09	-7.934778e-09	-4.645803e+01	-9.337861e+02
9.400000e-07	-5.570166e-09	-7.931798e-09	-4.622342e+01	-9.329231e+02
9.500000e-07	-5.541577e-09	-7.921720e-09	-4.598618e+01	-9.320456e+02
9.600000e-07	-5.512701e-09	-7.903470e-09	-4.574656e+01	-9.311560e+02
9.700000e-07	-5.483582e-09	-7.883957e-09	-4.550492e+01	-9.302565e+02
9.800000e-07	-5.454205e-09	-7.870469e-09	-4.526113e+01	-9.293494e+02
9.900000e-07	-5.424550e-09	-7.861951e-09	-4.501504e+01	-9.284370e+02
1.000000e-06	-5.394634e-09	-7.857040e-09	-4.476679e+01	-9.275216e+02
1.010000e-06	-5.364476e-09	-7.853690e-09	-4.451652e+01	-9.266053e+02
1.020000e-06	-5.334071e-09	-7.851746e-09	-4.426421e+01	-9.256900e+02
1.030000e-06	-5.303416e-09	-7.847742e-09	-4.400983e+01	-9.247772e+02
1.040000e-06	-5.272520e-09	-7.836779e-09	-4.375344e+01	-9.238678e+02
1.050000e-06	-5.241396e-09	-7.819463e-09	-4.349516e+01	-9.229619e+02
1.060000e-06	-5.210051e-09	-7.803048e-09	-4.323505e+01	-9.220592e+02
1.070000e-06	-5.178468e-09	-7.794512e-09	-4.297296e+01	-9.211585e+02
1.080000e-06	-5.146632e-09	-7.790650e-09	-4.270877e+01	-9.202577e+02
1.090000e-06	-5.114571e-09	-7.787161e-09	-4.244271e+01	-9.193546e+02
1.100000e-06	-5.082313e-09	-7.779724e-09	-4.217502e+01	-9.184463e+02
1.110000e-06	-5.049850e-09	-7.770406e-09	-4.190563e+01	-9.175301e+02
1.120000e-06	-5.017161e-09	-7.760026e-09	-4.163436e+01	-9.166033e+02
1.130000e-06	-4.984237e-09	-7.747359e-09	-4.136115e+01	-9.156634e+02
1.140000e-06	-4.951074e-09	-7.735052e-09	-4.108595e+01	-9.147087e+02
1.150000e-06	-4.917673e-09	-7.722101e-09	-4.080878e+01	-9.137380e+02
1.160000e-06	-4.884032e-09	-7.716020e-09	-4.052961e+01	-9.127506e+02
1.170000e-06	-4.850142e-09	-7.715132e-09	-4.024838e+01	-9.117464e+02
1.180000e-06	-4.816005e-09	-7.712495e-09	-3.996510e+01	-9.107261e+02
1.190000e-06	-4.781641e-09	-7.707122e-09	-3.967993e+01	-9.096902e+02
1.200000e-06	-4.747072e-09	-7.698243e-09	-3.939307e+01	-9.086400e+02
1.210000e-06	-4.712280e-09	-7.689549e-09	-3.910435e+01	-9.075763e+02
1.220000e-06	-4.677234e-09	-7.679157e-09	-3.881352e+01	-9.065003e+02
1.230000e-06	-4.641942e-09	-7.667662e-09	-3.852066e+01	-9.054127e+02
1.240000e-06	-4.606438e-09	-7.654880e-09	-3.822603e+01	-9.043143e+02
1.250000e-06	-4.570731e-09	-7.645253e-09	-3.792972e+01	-9.032056e+02
1.260000e-06	-4.534807e-09	-7.640691e-09	-3.763160e+01	-9.020869e+02
1.270000e-06	-4.498685e-09	-7.639102e-09	-3.733185e+01	-9.009586e+02
1.280000e-06	-4.462384e-09	-7.636150e-09	-3.703061e+01	-8.998207e+02
1.290000e-06	-4.425885e-09	-7.624996e-09	-3.672773e+01	-8.986733e+02
1.300000e-06	-4.389167e-09	-7.612546e-09	-3.642303e+01	-8.975163e+02
1.310000e-06	-4.352226e-09	-7.601723e-09	-3.611648e+01	-8.963495e+02
1.320000e-06	-4.315086e-09	-7.593690e-09	-3.580828e+01	-8.951725e+02
1.330000e-06	-4.277768e-09	-7.586927e-09	-3.549859e+01	-8.939847e+02
1.340000e-06	-4.240263e-09	-7.579360e-09	-3.518736e+01	-8.927853e+02
1.350000e-06	-4.202571e-09	-7.572691e-09	-3.487458e+01	-8.915733e+02
1.360000e-06	-4.164680e-09	-7.563697e-09	-3.456015e+01	-8.903477e+02
1.370000e-06	-4.126579e-09	-7.552345e-09	-3.424397e+01	-8.891073e+02
1.380000e-06	-4.088266e-09	-7.539940e-09	-3.392603e+01	-8.878516e+02
1.390000e-06	-4.049755e-09	-7.529395e-09	-3.360646e+01	-8.865801e+02
1.400000e-06	-4.011059e-09	-7.519991e-09	-3.328534e+01	-8.852933e+02
1.410000e-06	-3.972161e-09	-7.510462e-09	-3.296255e+01	-8.839923e+02
1.420000e-06	-3.933076e-09	-7.500771e-09	-3.263821e+01	-8.826789e+02
1.430000e-06	-3.893827e-09	-7.490468e-09	-3.231250e+01	-8.813561e+02
1.440000e-06	-3.854400e-09	-7.476465e-09	-3.198532e+01	-8.800270e+02
1.450000e-06	-3.814787e-09	-7.460340e-09	-3.165660e+01	-8.786955e+02
1.460000e-06	-3.774989e-09	-7.445389e-09	-3.132634e+01	-8.773652e+02
1.470000e-06	-3.735013e-09	-7.433912e-09	-3.099460e+01	-8.760393e+02
1.480000e-06	-3.694870e-09	-7.427362e-09	-3.066148e+01	-8.747205e+02
1.490000e-06	-3.654557e-09	-7.420208e-09	-3.032695e+01	-8.734097e+02
1.500000e-06	-3.614077e-09	-7.410425e-09	-2.999103e+01	-8.721067e+02
1.510000e-06	-3.573426e-09	-7.395582e-09	-2.965369e+01	-8.708096e+02
1.520000e-06	-3.532606e-09	-7.379724e-09	-2.931496e+01	-8.695147e+02
1.530000e-06	-3.491633e-09	-7.364533e-09	-2.897495e+01	-8.682171e+02
1.540000e-06	-3.450502e-09	-7.350230e-09	-2.863362e+01	-8.669109e+02
1.550000e-06	-3.409204e-09	-7.340487e-09	-2.829092e+01	-8.655897e+02
1.560000e-06	-3.367738e-09	-7.332667e-09	-2.794682e+01	-8.642471e+02
1.570000e-06	-3.326100e-09	-7.325085e-09	-2.760129e+01	-8.628775e+02
1.580000e-06	-3.284297e-09	-7.314869e-09	-2.725439e+01	-8.614762e+02
1.590000e-06	-3.242330e-09	-7.300925e-09	-2.690614e+01	-8.600405e+02
1.600000e-06	-3.200201e-09	-7.282122e-09	-2.655653e+01	-8.585691e+02
1.610000e-06	-3.157915e-09	-7.261356e-09	-2.620562e+01	-8.570628e+02
1.620000e-06	-3.115493e-09	-7.245623e-09	-2.585359e+01	-8.555236e+02
1.630000e-06	-3.072929e-09	-7.232626e-09	-2.550038e+01	-8.539553e+02
1.640000e-06	-3.030207e-09	-7.220886e-09	-2.514585e+01	-8.523620e+02
1.650000e-06	-2.987340e-09	-7.207275e-09	-2.479012e+01	-8.507483e+02
1.660000e-06	-2.944341e-09	-7.191118e-09	-2.443330e+01	-8.491184e+02
1.670000e-06	-2.901209e-09	-7.175252e-09	-2.407537e+01	-8.474759e+02
1.680000e-06	-2.857942e-09	-7.161602e-09	-2.371633e+01	-8.458231e+02
1.690000e-06	-2.814565e-09	-7.149116e-09	-2.335637e+01	-8.441613e+02
1.700000e-06	-2.771088e-09	-7.133287e-09	-2.299558e+01	-8.424904e+02
1.710000e-06	-2.727508e-09	-7.119097e-09	-2.263393e+01	-8.408095e+02
1.720000e-06	-2.683813e-09	-7.107001e-09	-2.227134e+01	-8.391167e+02
1.730000e-06	-2.640009e-09	-7.094176e-09	-2.190784e+01	-8.374100e+02
1.740000e-06	-2.596103e-09	-7.075496e-09	-2.154348e+01	-8.356872e+02
1.750000e-06	-2.552090e-09	-7.054854e-09	-2.117825e+01	-8.339468e+02
1.760000e-06	-2.507969e-09	-7.041303e-09	-2.081211e+01	-8.321879e+02
1.770000e-06	-2.463732e-09	-7.029745e-09	-2.044501e+01	-8.304103e+02
1.780000e-06	-2.419359e-09	-7.015309e-09	-2.007679e+01	-8.286149e+02
1.790000e-06	-2.374865e-09	-6.999054e-09	-1.970756e+01	-8.268030e+02
1.800000e-06	-2.330251e-09	-6.985725e-09	-1.933734e+01	-8.249765e+02
1.810000e-06	-2.285514e-09	-6.972881e-09	-1.896609e+01	-8.231375e+02
1.820000e-06	-2.240658e-09	-6.956329e-09	-1.859386e+01	-8.212877e+02
1.830000e-06	-2.195685e-09	-6.936536e-09	-1.822065e+01	-8.194285e+02
1.840000e-06	-2.150608e-09	-6.917488e-09	-1.784659e+01	-8.175606e+02
1.850000e-06	-2.105433e-09	-6.902875e-09	-1.747171e+01	-8.156836e+02
1.860000e-06	-2.060167e-09	-6.890657e-09	-1.709607e+01	-8.137968e+02
1.870000e-06	-2.014822e-09	-6.878349e-09	-1.671979e+01	-8.118986e+02
1.880000e-06	-1.969400e-09	-6.864155e-09	-1.634285e+01	-8.099869e+02
1.890000e-06	-1.923902e-09	-6.852532e-09	-1.596529e+01	-8.080598e+02
1.900000e-06	-1.878332e-09	-6.840653e-09	-1.558713e+01	-8.061154e+02
1.910000e-06	-1.832696e-09	-6.822015e-09	-1.520843e+01	-8.041522e+02
1.920000e-06	-1.786985e-09	-6.799249e-09	-1.482910e+01	-8.021693e+02
1.930000e-06	-1.741189e-09	-6.776275e-09	-1.444907e+01	-8.001668e+02
1.940000e-06	-1.695326e-09	-6.759813e-09	-1.406848e+01	-7.981451e+02
1.950000e-06	-1.649396e-09	-6.747843e-09	-1.368733e+01	-7.961051e+02
1.960000e-06	-1.603383e-09	-6.736537e-09	-1.330550e+01	-7.940484e+02
1.970000e-06	-1.557281e-09	-6.725556e-09	-1.292293e+01	-7.919762e+02
1.980000e-06	-1.511094e-09	-6.713766e-09	-1.253965e+01	-7.898896e+02
1.990000e-06	-1.464824e-09	-6.700377e-09	-1.215568e+01	-7.877896e+02
2.000000e-06	-1.418479e-09	-6.682935e-09	-1.177110e+01	-7.856761e+02
2.010000e-06	-1.372060e-09	-6.664098e-09	-1.138589e+01	-7.835485e+02
2.020000e-06	-1.325561e-09	-6.644732e-09	-1.100003e+01	-7.814059e+02
2.030000e-06	-1.278999e-09	-6.624841e-09	-1.061363e+01	-7.792464e+02
2.040000e-06	-1.232381e-09	-6.606587e-09	-1.022678e+01	-7.770680e+02
2.050000e-06	-1.185708e-09	-6.589863e-09	-9.839470e+00	-7.748687e+02
2.060000e-06	-1.138989e-09	-6.572901e-09	-9.451772e+00	-7.726465e+02
2.070000e-06	-1.092225e-09	-6.554583e-09	-9.063708e+00	-7.703996e+02
2.080000e-06	-1.045413e-09	-6.537260e-09	-8.675241e+00	-7.681270e+02
2.090000e-06	-9.985542e-10	-6.521662e-09	-8.286392e+00	-7.658278e+02
2.100000e-06	-9.516547e-10	-6.503883e-09	-7.897202e+00	-7.635018e+02
2.110000e-06	-9.047275e-10	-6.481797e-09	-7.507781e+00	-7.611492e+02
2.120000e-06	-8.577804e-10	-6.458505e-09	-7.118196e+00	-7.587703e+02
2.130000e-06	-8.108083e-10	-6.435751e-09	-6.728402e+00	-7.563657e+02
2.140000e-06	-7.637987e-10	-6.414107e-09	-6.338297e+00	-7.539357e+02
2.150000e-06	-7.167535e-10	-6.393047e-09	-5.947897e+00	-7.514804e+02
2.160000e-06	-6.696822e-10	-6.372233e-09	-5.557281e+00	-7.489996e+02
2.170000e-06	-6.225816e-10	-6.354272e-09	-5.166422e+00	-7.464926e+02
2.180000e-06	-5.754511e-10	-6.337651e-09	-4.775314e+00	-7.439586e+02
2.190000e-06	-5.282980e-10	-6.317902e-09	-4.384018e+00	-7.413961e+02
2.200000e-06	-4.811289e-10	-6.293856e-09	-3.992590e+00	-7.388036e+02
2.210000e-06	-4.339395e-10	-6.265837e-09	-3.600993e+00	-7.361793e+02
2.220000e-06	-3.867197e-10	-6.237617e-09	-3.209145e+00	-7.335216e+02
2.230000e-06	-3.394746e-10	-6.212558e-09	-2.817086e+00	-7.308284e+02
2.240000e-06	-2.922054e-10	-6.189828e-09	-2.424827e+00	-7.280982e+02
2.250000e-06	-2.449210e-10	-6.166406e-09	-2.032443e+00	-7.253291e+02
2.260000e-06	-1.976248e-10	-6.142675e-09	-1.639961e+00	-7.225195e+02
2.270000e-06	-1.503167e-10	-6.121876e-09	-1.247380e+00	-7.196679e+02
2.280000e-06	-1.030091e-10	-6.099282e-09	-8.548017e-01	-7.167726e+02
2.290000e-06	-5.569601e-11	-6.073710e-09	-4.621791e-01	-7.138321e+02
2.300000e-06	-8.383985e-12	-6.047923e-09	-6.956521e-02	-7.108451e+02
2.310000e-06	3.891723e-11	-6.022875e-09	3.229589e-01	-7.078104e+02
2.320000e-06	8.621151e-11	-5.997498e-09	7.154254e-01	-7.047271e+02
2.330000e-06	1.334997e-10	-5.965604e-09	1.107841e+00	-7.015945e+02
2.340000e-06	1.807739e-10	-5.932264e-09	1.500142e+00	-6.984126e+02
2.350000e-06	2.280342e-10	-5.901220e-09	1.892326e+00	-6.951815e+02
2.360000e-06	2.752814e-10	-5.874361e-09	2.284402e+00	-6.919020e+02
2.370000e-06	3.225153e-10	-5.851764e-09	2.676368e+00	-6.885748e+02
2.380000e-06	3.697341e-10	-5.827427e-09	3.068209e+00	-6.852009e+02
2.390000e-06	4.169354e-10	-5.803519e-09	3.459904e+00	-6.817811e+02
2.400000e-06	4.641358e-10	-5.778125e-09	3.851592e+00	-6.783155e+02
2.410000e-06	5.113324e-10	-5.750965e-09	4.243249e+00	-6.748037e+02
2.420000e-06	5.585004e-10	-5.719053e-09	4.634668e+00	-6.712442e+02
2.430000e-06	6.056380e-10	-5.683366e-09	5.025835e+00	-6.676344e+02
2.440000e-06	6.527573e-10	-5.649681e-09	5.416849e+00	-6.639708e+02
2.450000e-06	6.998589e-10	-5.618981e-09	5.807717e+00	-6.602488e+02
2.460000e-06	7.469346e-10	-5.592184e-09	6.198370e+00	-6.564631e+02
2.470000e-06	7.939738e-10	-5.561888e-09	6.588720e+00	-6.526082e+02
2.480000e-06	8.409762e-10	-5.528484e-09	6.978764e+00	-6.486785e+02
2.490000e-06	8.879368e-10	-5.495176e-09	7.368462e+00	-6.446693e+02
2.500000e-06	9.348509e-10	-5.460774e-09	7.757774e+00	-6.405766e+02
2.510000e-06	9.817231e-10	-5.425256e-09	8.146737e+00	-6.363978e+02
2.520000e-06	1.028553e-09	-5.388832e-09	8.535352e+00	-6.321315e+02
2.530000e-06	1.075337e-09	-5.354578e-09	8.923583e+00	-6.277777e+02
2.540000e-06	1.122065e-09	-5.321967e-09	9.311347e+00	-6.233372e+02
2.550000e-06	1.168739e-09	-5.288600e-09	9.698667e+00	-6.188115e+02
2.560000e-06	1.215366e-09	-5.251520e-09	1.008560e+01	-6.142017e+02
2.570000e-06	1.261929e-09	-5.209572e-09	1.047200e+01	-6.095082e+02
2.580000e-06	1.308434e-09	-5.166729e-09	1.085791e+01	-6.047299e+02
2.590000e-06	1.354883e-09	-5.126586e-09	1.124337e+01	-5.998635e+02
2.600000e-06	1.401264e-09	-5.088446e-09	1.162825e+01	-5.949031e+02
2.610000e-06	1.447579e-09	-5.047139e-09	1.201259e+01	-5.898402e+02
2.620000e-06	1.493832e-09	-5.002134e-09	1.239642e+01	-5.846637e+02
2.630000e-06	1.540022e-09	-4.957342e-09	1.277972e+01	-5.793598e+02
2.640000e-06	1.586148e-09	-4.913457e-09	1.316250e+01	-5.739131e+02
2.650000e-06	1.632204e-09	-4.868867e-09	1.354469e+01	-5.683070e+02
2.660000e-06	1.678177e-09	-4.823075e-09	1.392619e+01	-5.625243e+02
2.670000e-06	1.724063e-09	-4.775845e-09	1.430697e+01	-5.565478e+02
2.680000e-06	1.769868e-09	-4.725124e-09	1.468707e+01	-5.503612e+02
2.690000e-06	1.815585e-09	-4.670099e-09	1.506646e+01	-5.439490e+02
2.700000e-06	1.861215e-09	-4.609848e-09	1.544511e+01	-5.372967e+02
2.710000e-06	1.906763e-09	-4.546292e-09	1.582309e+01	-5.303904e+02
2.720000e-06	1.952223e-09	-4.482518e-09	1.620033e+01	-5.232165e+02
2.730000e-06	1.997593e-09	-4.418974e-09	1.657682e+01	-5.157604e+02
2.740000e-06	2.042875e-09	-4.352441e-09	1.695260e+01	-5.080062e+02
2.750000e-06	2.088069e-09	-4.280322e-09	1.732763e+01	-4.999350e+02
2.760000e-06	2.133169e-09	-4.205037e-09	1.770189e+01	-4.915245e+02
2.770000e-06	2.178173e-09	-4.127449e-09	1.807535e+01	-4.827478e+02
2.780000e-06	2.223074e-09	-4.047308e-09	1.844796e+01	-4.735727e+02
2.790000e-06	2.267869e-09	-3.962969e-09	1.881968e+01	-4.639617e+02
2.800000e-06	2.312560e-09	-3.877556e-09	1.919055e+01	-4.538713e+02
2.810000e-06	2.357147e-09	-3.790796e-09	1.956055e+01	-4.432528e+02
2.820000e-06	2.401617e-09	-3.696303e-09	1.992958e+01	-4.320521e+02
2.830000e-06	2.445981e-09	-3.591495e-09	2.029773e+01	-4.202108e+02
2.840000e-06	2.490239e-09	-3.476535e-09	2.066500e+01	-4.076673e+02
2.850000e-06	2.534383e-09	-3.354815e-09	2.103132e+01	-3.943571e+02
2.860000e-06	2.578416e-09	-3.227226e-09	2.139673e+01	-3.802146e+02
2.870000e-06	2.622334e-09	-3.096080e-09	2.176117e+01	-3.651742e+02
2.880000e-06	2.666131e-09	-2.961599e-09	2.212462e+01	-3.491717e+02
2.890000e-06	2.709807e-09	-2.820200e-09	2.248706e+01	-3.321459e+02
2.900000e-06	2.753368e-09	-2.667009e-09	2.284855e+01	-3.140402e+02
2.910000e-06	2.796816e-09	-2.498614e-09	2.320910e+01	-2.948046e+02
2.920000e-06	2.840145e-09	-2.317409e-09	2.356866e+01	-2.743978e+02
2.930000e-06	2.883354e-09	-2.123514e-09	2.392722e+01	-2.527893e+02
2.940000e-06	2.926430e-09	-1.922837e-09	2.428469e+01	-2.299613e+02
2.950000e-06	2.969362e-09	-1.715571e-09	2.464095e+01	-2.059116e+02
2.960000e-06	3.012144e-09	-1.496980e-09	2.499598e+01	-1.806550e+02
2.970000e-06	3.054783e-09	-1.268133e-09	2.534981e+01	-1.542253e+02
2.980000e-06	3.097280e-09	-1.029389e-09	2.570247e+01	-1.266764e+02
2.990000e-06	3.139634e-09	-7.823435e-10	2.605394e+01	-9.808330e+01
3.000000e-06	3.181852e-09	-5.261281e-10	2.640428e+01	-6.854129e+01
3.010000e-06	3.223928e-09	-2.638861e-10	2.675345e+01	-3.816549e+01
3.020000e-06	3.265876e-09	4.260077e-12	2.710155e+01	-7.088740e+00
3.030000e-06	3.307688e-09	2.787500e-10	2.744852e+01	2.454106e+01
3.040000e-06	3.349334e-09	5.547343e-10	2.779411e+01	5.656444e+01
3.050000e-06	3.390816e-09	8.327778e-10	2.813835e+01	8.881448e+01
3.060000e-06	3.432132e-09	1.111675e-09	2.848120e+01	1.211212e+02
3.070000e-06	3.473284e-09	1.386828e-09	2.882269e+01	1.533160e+02
3.080000e-06	3.514275e-09	1.653867e-09	2.916285e+01	1.852366e+02
3.090000e-06	3.555096e-09	1.908268e-09	2.950160e+01	2.167304e+02
3.100000e-06	3.595748e-09	2.159163e-09	2.983895e+01	2.476586e+02
3.110000e-06	3.636232e-09	2.415979e-09	3.017491e+01	2.778986e+02
3.120000e-06	3.676553e-09	2.673919e-09	3.050950e+01	3.073459e+02
3.130000e-06	3.716708e-09	2.922195e-09	3.084273e+01	3.359152e+02
3.140000e-06	3.756685e-09	3.157695e-09	3.117447e+01	3.635404e+02
3.150000e-06	3.796468e-09	3.384204e-09	3.150460e+01	3.901737e+02
3.160000e-06	3.836051e-09	3.598996e-09	3.183308e+01	4.157845e+02
3.170000e-06	3.875442e-09	3.798390e-09	3.215996e+01	4.403575e+02
3.180000e-06	3.914648e-09	3.986342e-09	3.248531e+01	4.638906e+02
3.190000e-06	3.953677e-09	4.171177e-09	3.280919e+01	4.863924e+02
3.200000e-06	3.992542e-09	4.355297e-09	3.313170e+01	5.078804e+02
3.210000e-06	4.031245e-09	4.532240e-09	3.345288e+01	5.283784e+02
3.220000e-06	4.069778e-09	4.698795e-09	3.377263e+01	5.479154e+02
3.230000e-06	4.108122e-09	4.855908e-09	3.409083e+01	5.665233e+02
3.240000e-06	4.146249e-09	5.005028e-09	3.440723e+01	5.842364e+02
3.250000e-06	4.184172e-09	5.148159e-09	3.472193e+01	6.010901e+02
3.260000e-06	4.221919e-09	5.280487e-09	3.503517e+01	6.171202e+02
3.270000e-06	4.259476e-09	5.403331e-09	3.534683e+01	6.323627e+02
3.280000e-06	4.296844e-09	5.521554e-09	3.565692e+01	6.468534e+02
3.290000e-06	4.334032e-09	5.635450e-09	3.596552e+01	6.606272e+02
3.300000e-06	4.371031e-09	5.744255e-09	3.627256e+01	6.737188e+02
3.310000e-06	4.407829e-09	5.846316e-09	3.657792e+01	6.861616e+02
3.320000e-06	4.444394e-09	5.946699e-09	3.688135e+01	6.979881e+02
3.330000e-06	4.480717e-09	6.045361e-09	3.718277e+01	7.092299e+02
3.340000e-06	4.516820e-09	6.136324e-09	3.748237e+01	7.199171e+02
3.350000e-06	4.552716e-09	6.219871e-09	3.778025e+01	7.300785e+02
3.360000e-06	4.588398e-09	6.297620e-09	3.807635e+01	7.397419e+02
3.370000e-06	4.623874e-09	6.370662e-09	3.837074e+01	7.489337e+02
3.380000e-06	4.659137e-09	6.440084e-09	3.866337e+01	7.576791e+02
3.390000e-06	4.694170e-09	6.509769e-09	3.895408e+01	7.660025e+02
3.400000e-06	4.728965e-09	6.579737e-09	3.924283e+01	7.739274e+02
3.410000e-06	4.763540e-09	6.644549e-09	3.952975e+01	7.814766e+02
3.420000e-06	4.797904e-09	6.705291e-09	3.981491e+01	7.886724e+02
3.430000e-06	4.832048e-09	6.764964e-09	4.009825e+01	7.955366e+02
3.440000e-06	4.865988e-09	6.822205e-09	4.037990e+01	8.020905e+02
3.450000e-06	4.899729e-09	6.875031e-09	4.065989e+01	8.083551e+02
3.460000e-06	4.933237e-09	6.923134e-09	4.093795e+01	8.143507e+02
3.470000e-06	4.966496e-09	6.969726e-09	4.121395e+01	8.200965e+02
3.480000e-06	4.999525e-09	7.016334e-09	4.148804e+01	8.256112e+02
3.490000e-06	5.032329e-09	7.060088e-09	4.176026e+01	8.309121e+02
3.500000e-06	5.064913e-09	7.100506e-09	4.203066e+01	8.360148e+02
3.510000e-06	5.097283e-09	7.141576e-09	4.229928e+01	8.409337e+02
3.520000e-06	5.129436e-09	7.184194e-09	4.256609e+01	8.456811e+02
3.530000e-06	5.161347e-09	7.225837e-09	4.283090e+01	8.502677e+02
3.540000e-06	5.192983e-09	7.266681e-09	4.309343e+01	8.547021e+02
3.550000e-06	5.224377e-09	7.305355e-09	4.335395e+01	8.589913e+02
3.560000e-06	5.255547e-09	7.342110e-09	4.361261e+01	8.631403e+02
3.570000e-06	5.286468e-09	7.376259e-09	4.386920e+01	8.671530e+02
3.580000e-06	5.317144e-09	7.406428e-09	4.412376e+01	8.710317e+02
3.590000e-06	5.347572e-09	7.432499e-09	4.437627e+01	8.747780e+02
3.600000e-06	5.377741e-09	7.457294e-09	4.462662e+01	8.783926e+02
3.610000e-06	5.407655e-09	7.485936e-09	4.487486e+01	8.818761e+02
3.620000e-06	5.437330e-09	7.518271e-09	4.512112e+01	8.852292e+02
3.630000e-06	5.466766e-09	7.550273e-09	4.536539e+01	8.884527e+02
3.640000e-06	5.495956e-09	7.576713e-09	4.560762e+01	8.915482e+02
3.650000e-06	5.524902e-09	7.600173e-09	4.584783e+01	8.945183e+02
3.660000e-06	5.553587e-09	7.625039e-09	4.608586e+01	8.973666e+02
3.670000e-06	5.581997e-09	7.649630e-09	4.632162e+01	9.000976e+02
3.680000e-06	5.610148e-09	7.671065e-09	4.655523e+01	9.027170e+02
3.690000e-06	5.638037e-09	7.690331e-09	4.678666e+01	9.052316e+02
3.700000e-06	5.665655e-09	7.712615e-09	4.701585e+01	9.076488e+02
3.710000e-06	5.693002e-09	7.736029e-09	4.724278e+01	9.099764e+02
3.720000e-06	5.720072e-09	7.756046e-09	4.746742e+01	9.122223e+02
3.730000e-06	5.746875e-09	7.772924e-09	4.768985e+01	9.143940e+02
3.740000e-06	5.773417e-09	7.788078e-09	4.791010e+01	9.164985e+02
3.750000e-06	5.799697e-09	7.803666e-09	4.812818e+01	9.185413e+02
3.760000e-06	5.825718e-09	7.818861e-09	4.834411e+01	9.205270e+02
3.770000e-06	5.851473e-09	7.834283e-09	4.855784e+01	9.224584e+02
3.780000e-06	5.876968e-09	7.851027e-09	4.876941e+01	9.243368e+02
3.790000e-06	5.902201e-09	7.866839e-09	4.897880e+01	9.261621e+02
3.800000e-06	5.927158e-09	7.882077e-09	4.918590e+01	9.279328e+02
3.810000e-06	5.951845e-09	7.896435e-09	4.939076e+01	9.296466e+02
3.820000e-06	5.976269e-09	7.906673e-09	4.959344e+01	9.313007e+02
3.830000e-06	6.000413e-09	7.915540e-09	4.979381e+01	9.328920e+02
3.840000e-06	6.024261e-09	7.927383e-09	4.999171e+01	9.344179e+02
3.850000e-06	6.047815e-09	7.942312e-09	5.018717e+01	9.358765e+02
3.860000e-06	6.071083e-09	7.956707e-09	5.038025e+01	9.372669e+02
3.870000e-06	6.094060e-09	7.968459e-09	5.057092e+01	9.385895e+02
3.880000e-06	6.116748e-09	7.979674e-09	5.075919e+01	9.398459e+02
3.890000e-06	6.139146e-09	7.990382e-09	5.094506e+01	9.410390e+02
3.900000e-06	6.161268e-09	7.999490e-09	5.112864e+01	9.421727e+02
3.910000e-06	6.183127e-09	8.007092e-09	5.131003e+01	9.432520e+02
3.920000e-06	6.204710e-09	8.011536e-09	5.148914e+01	9.442824e+02
3.930000e-06	6.226008e-09	8.018132e-09	5.166588e+01	9.452695e+02
3.940000e-06	6.247009e-09	8.028238e-09	5.184016e+01	9.462190e+02
3.950000e-06	6.267712e-09	8.041289e-09	5.201196e+01	9.471364e+02
3.960000e-06	6.288131e-09	8.053133e-09	5.218140e+01	9.480266e+02
3.970000e-06	6.308259e-09	8.061140e-09	5.234843e+01	9.488937e+02
3.980000e-06	6.328091e-09	8.069463e-09	5.251300e+01	9.497412e+02
3.990000e-06	6.347625e-09	8.073050e-09	5.267510e+01	9.505719e+02
4.000000e-06	6.366858e-09	8.074683e-09	5.283471e+01	9.513876e+02
4.010000e-06	6.385811e-09	8.072242e-09	5.299199e+01	9.521897e+02
4.020000e-06	6.404492e-09	8.071844e-09	5.314701e+01	9.529787e+02
4.030000e-06	6.422887e-09	8.081801e-09	5.329966e+01	9.537547e+02
4.040000e-06	6.440988e-09	8.098021e-09	5.344986e+01	9.545174e+02
4.050000e-06	6.458780e-09	8.119127e-09	5.359751e+01	9.552660e+02
4.060000e-06	6.476264e-09	8.135983e-09	5.374260e+01	9.559993e+02
4.070000e-06	6.493483e-09	8.147860e-09	5.388549e+01	9.567163e+02
4.080000e-06	6.510447e-09	8.151099e-09	5.402626e+01	9.574155e+02
4.090000e-06	6.527118e-09	8.148876e-09	5.416460e+01	9.580956e+02
4.100000e-06	6.543488e-09	8.148604e-09	5.430045e+01	9.587553e+02
4.110000e-06	6.559563e-09	8.151964e-09	5.443385e+01	9.593937e+02
4.120000e-06	6.575342e-09	8.162480e-09	5.456479e+01	9.600102e+02
4.130000e-06	6.590820e-09	8.175653e-09	5.469323e+01	9.606047e+02
4.140000e-06	6.605978e-09	8.193517e-09	5.481901e+01	9.611776e+02
4.150000e-06	6.620801e-09	8.207589e-09	5.494202e+01	9.617299e+02
4.160000e-06	6.635295e-09	8.214137e-09	5.506230e+01	9.622631e+02
4.170000e-06	6.649476e-09	8.215262e-09	5.517998e+01	9.627792e+02
4.180000e-06	6.663368e-09	8.213855e-09	5.529526e+01	9.632804e+02
4.190000e-06	6.676974e-09	8.215210e-09	5.540817e+01	9.637689e+02
4.200000e-06	6.690264e-09	8.218956e-09	5.551846e+01	9.642471e+02
4.210000e-06	6.703216e-09	8.233052e-09	5.562594e+01	9.647166e+02
4.220000e-06	6.715859e-09	8.247968e-09	5.573085e+01	9.651790e+02
4.230000e-06	6.728233e-09	8.259879e-09	5.583354e+01	9.656349e+02
4.240000e-06	6.740344e-09	8.268598e-09	5.593404e+01	9.660843e+02
4.250000e-06	6.752150e-09	8.269744e-09	5.603200e+01	9.665265e+02
4.260000e-06	6.763606e-09	8.270728e-09	5.612707e+01	9.669601e+02
4.270000e-06	6.774738e-09	8.269788e-09	5.621945e+01	9.673834e+02
4.280000e-06	6.785563e-09	8.273545e-09	5.630928e+01	9.677940e+02
4.290000e-06	6.796032e-09	8.278554e-09	5.639616e+01	9.681899e+02
4.300000e-06	6.806117e-09	8.284905e-09	5.647984e+01	9.685689e+02
4.310000e-06	6.815851e-09	8.293939e-09	5.656062e+01	9.689290e+02
4.320000e-06	6.825280e-09	8.302045e-09	5.663887e+01	9.692689e+02
4.330000e-06	6.834433e-09	8.311179e-09	5.671482e+01	9.695877e+02
4.340000e-06	6.843292e-09	8.316168e-09	5.678834e+01	9.698849e+02
4.350000e-06	6.851818e-09	8.323575e-09	5.685909e+01	9.701607e+02
4.360000e-06	6.860012e-09	8.331090e-09	5.692709e+01	9.704157e+02
4.370000e-06	6.867901e-09	8.334589e-09	5.699256e+01	9.706510e+02
4.380000e-06	6.875497e-09	8.331985e-09	5.705559e+01	9.708680e+02
4.390000e-06	6.882804e-09	8.328671e-09	5.711622e+01	9.710684e+02
4.400000e-06	6.889792e-09	8.331076e-09	5.717421e+01	9.712540e+02
4.410000e-06	6.896431e-09	8.332279e-09	5.722930e+01	9.714271e+02
4.420000e-06	6.902754e-09	8.332056e-09	5.728177e+01	9.715898e+02
4.430000e-06	6.908781e-09	8.331495e-09	5.733179e+01	9.717445e+02
4.440000e-06	6.914532e-09	8.336897e-09	5.737951e+01	9.718936e+02
4.450000e-06	6.919964e-09	8.343611e-09	5.742459e+01	9.720392e+02
4.460000e-06	6.925040e-09	8.345383e-09	5.746671e+01	9.721834e+02
4.470000e-06	6.929800e-09	8.343487e-09	5.750621e+01	9.723280e+02
4.480000e-06	6.934260e-09	8.340962e-09	5.754323e+01	9.724738e+02
4.490000e-06	6.938446e-09	8.342167e-09	5.757796e+01	9.726214e+02
4.500000e-06	6.942351e-09	8.343611e-09	5.761037e+01	9.727701e+02
4.510000e-06	6.945929e-09	8.344587e-09	5.764006e+01	9.729188e+02
4.520000e-06	6.949173e-09	8.344116e-09	5.766698e+01	9.730652e+02
4.530000e-06	6.952079e-09	8.346680e-09	5.769109e+01	9.732067e+02
4.540000e-06	6.954657e-09	8.348932e-09	5.771249e+01	9.733401e+02
4.550000e-06	6.956887e-09	8.347555e-09	5.773099e+01	9.734624e+02
4.560000e-06	6.958747e-09	8.344585e-09	5.774643e+01	9.735713e+02
4.570000e-06	6.960290e-09	8.340740e-09	5.775923e+01	9.736651e+02
4.580000e-06	6.961527e-09	8.340960e-09	5.776950e+01	9.737434e+02
4.590000e-06	6.962472e-09	8.342092e-09	5.777734e+01	9.738073e+02
4.600000e-06	6.963099e-09	8.342959e-09	5.778253e+01	9.738593e+02
4.610000e-06	6.963367e-09	8.343044e-09	5.778476e+01	9.739028e+02
4.620000e-06	6.963323e-09	8.340903e-09	5.778439e+01	9.739422e+02
4.630000e-06	6.962996e-09	8.339099e-09	5.778168e+01	9.739817e+02
4.640000e-06	6.962410e-09	8.338558e-09	5.777682e+01	9.740244e+02
4.650000e-06	6.961545e-09	8.339086e-09	5.776965e+01	9.740719e+02
4.660000e-06	6.960331e-09	8.339955e-09	5.775957e+01	9.741233e+02
4.670000e-06	6.958805e-09	8.339729e-09	5.774691e+01	9.741744e+02
4.680000e-06	6.957008e-09	8.340858e-09	5.773199e+01	9.742176e+02
4.690000e-06	6.954926e-09	8.350603e-09	5.771471e+01	9.742421e+02
4.700000e-06	6.952577e-09	8.350212e-09	5.769522e+01	9.742345e+02
4.710000e-06	6.949940e-09	8.287326e-09	5.767334e+01	9.741796e+02
4.720000e-06	6.946867e-09	8.261701e-09	5.764784e+01	9.740620e+02
4.730000e-06	6.943123e-09	8.299026e-09	5.761677e+01	9.738676e+02
4.740000e-06	6.938718e-09	8.411227e-09	5.758021e+01	9.735855e+02
4.750000e-06	6.934119e-09	8.396529e-09	5.754205e+01	9.732092e+02
4.760000e-06	6.929692e-09	8.278277e-09	5.750532e+01	9.727385e+02
4.770000e-06	6.925057e-09	8.344323e-09	5.746685e+01	9.721794e+02
4.780000e-06	6.919750e-09	8.354317e-09	5.742281e+01	9.715453e+02
4.790000e-06	6.914118e-09	8.231587e-09	5.737608e+01	9.708555e+02
4.800000e-06	6.908526e-09	8.202460e-09	5.732967e+01	9.701346e+02
4.810000e-06	6.902513e-09	8.324524e-09	5.727977e+01	9.694104e+02
4.820000e-06	6.895893e-09	8.294784e-09	5.722484e+01	9.687119e+02
4.830000e-06	6.889127e-09	8.194687e-09	5.716869e+01	9.680665e+02
4.840000e-06	6.882220e-09	8.277314e-09	5.711137e+01	9.674978e+02
4.850000e-06	6.874854e-09	8.287867e-09	5.705025e+01	9.670237e+02
4.860000e-06	6.867187e-09	8.169367e-09	5.698662e+01	9.666540e+02
4.870000e-06	6.859389e-09	8.201836e-09	5.692191e+01	9.663906e+02
4.880000e-06	6.851156e-09	8.320480e-09	5.685359e+01	9.662266e+02
4.890000e-06	6.842563e-09	8.248838e-09	5.678228e+01	9.661474e+02
4.900000e-06	6.833891e-09	8.200137e-09	5.671032e+01	9.661324e+02
4.910000e-06	6.824873e-09	8.332894e-09	5.663549e+01	9.661564e+02
4.920000e-06	6.815364e-09	8.314483e-09	5.655658e+01	9.661931e+02
4.930000e-06	6.805614e-09	8.228475e-09	5.647566e+01	9.662167e+02
4.940000e-06	6.795592e-09	8.317191e-09	5.639249e+01	9.662046e+02
4.950000e-06	6.785073e-09	8.298947e-09	5.630520e+01	9.661396e+02
4.960000e-06	6.774150e-09	8.236715e-09	5.621456e+01	9.660107e+02
4.970000e-06	6.762900e-09	8.315572e-09	5.612121e+01	9.658137e+02
4.980000e-06	6.751307e-09	8.297892e-09	5.602500e+01	9.655514e+02
4.990000e-06	6.739476e-09	8.238578e-09	5.592683e+01	9.652321e+02
5.000000e-06	6.727322e-09	8.278964e-09	5.582596e+01	9.648682e+02
5.010000e-06	6.714760e-09	8.265932e-09	5.572172e+01	9.644745e+02
5.020000e-06	6.701903e-09	8.233443e-09	5.561502e+01	9.640661e+02
5.030000e-06	6.688777e-09	8.285029e-09	5.550610e+01	9.636565e+02
5.040000e-06	6.675344e-09	8.274591e-09	5.539463e+01	9.632561e+02
5.050000e-06	6.661636e-09	8.254480e-09	5.528087e+01	9.628711e+02
5.060000e-06	6.647604e-09	8.293723e-09	5.516443e+01	9.625034e+02
5.070000e-06	6.633247e-09	8.265410e-09	5.504529e+01	9.621505e+02
5.080000e-06	6.618670e-09	8.252327e-09	5.492433e+01	9.618065e+02
5.090000e-06	6.603778e-09	8.260922e-09	5.480074e+01	9.614631e+02
5.100000e-06	6.588495e-09	8.237266e-09	5.467393e+01	9.611114e+02
5.110000e-06	6.572905e-09	8.237321e-09	5.454455e+01	9.607427e+02
5.120000e-06	6.557008e-09	8.246993e-09	5.441263e+01	9.603505e+02
5.130000e-06	6.540804e-09	8.234661e-09	5.427816e+01	9.599308e+02
5.140000e-06	6.524315e-09	8.230440e-09	5.414133e+01	9.594831e+02
5.150000e-06	6.507503e-09	8.236611e-09	5.400181e+01	9.590102e+02
5.160000e-06	6.490352e-09	8.226480e-09	5.385949e+01	9.585176e+02
5.170000e-06	6.472879e-09	8.222373e-09	5.371449e+01	9.580127e+02
5.180000e-06	6.455093e-09	8.211655e-09	5.356690e+01	9.575040e+02
5.190000e-06	6.437006e-09	8.207692e-09	5.341680e+01	9.569994e+02
5.200000e-06	6.418589e-09	8.204177e-09	5.326397e+01	9.565057e+02
5.210000e-06	6.399871e-09	8.193000e-09	5.310864e+01	9.560269e+02
5.220000e-06	6.380898e-09	8.191587e-09	5.295120e+01	9.555645e+02
5.230000e-06	6.361624e-09	8.174910e-09	5.279126e+01	9.551169e+02
5.240000e-06	6.342043e-09	8.171986e-09	5.262877e+01	9.546796e+02
5.250000e-06	6.322176e-09	8.174984e-09	5.246390e+01	9.542460e+02
5.260000e-06	6.302048e-09	8.167035e-09	5.229687e+01	9.538083e+02
5.270000e-06	6.281674e-09	8.165952e-09	5.212780e+01	9.533585e+02
5.280000e-06	6.261012e-09	8.162376e-09	5.195634e+01	9.528892e+02
5.290000e-06	6.240064e-09	8.159472e-09	5.178250e+01	9.523948e+02
5.300000e-06	6.218879e-09	8.156141e-09	5.160670e+01	9.518718e+02
5.310000e-06	6.197448e-09	8.153054e-09	5.142886e+01	9.513194e+02
5.320000e-06	6.175712e-09	8.144142e-09	5.124848e+01	9.507392e+02
5.330000e-06	6.153670e-09	8.138172e-09	5.106557e+01	9.501351e+02
5.340000e-06	6.131329e-09	8.132476e-09	5.088017e+01	9.495124e+02
5.350000e-06	6.108694e-09	8.125973e-09	5.069234e+01	9.488776e+02
5.360000e-06	6.085750e-09	8.123411e-09	5.050194e+01	9.482368e+02
5.370000e-06	6.062465e-09	8.117626e-09	5.030872e+01	9.475957e+02
5.380000e-06	6.038836e-09	8.117718e-09	5.011263e+01	9.469583e+02
5.390000e-06	6.014893e-09	8.115549e-09	4.991394e+01	9.463272e+02
5.400000e-06	5.990677e-09	8.113135e-09	4.971299e+01	9.457028e+02
5.410000e-06	5.966179e-09	8.106203e-09	4.950969e+01	9.450837e+02
5.420000e-06	5.941377e-09	8.098663e-09	4.930388e+01	9.444668e+02
5.430000e-06	5.916294e-09	8.095880e-09	4.909573e+01	9.438480e+02
5.440000e-06	5.890972e-09	8.089890e-09	4.888560e+01	9.432226e+02
5.450000e-06	5.865409e-09	8.085014e-09	4.867347e+01	9.425856e+02
5.460000e-06	5.839587e-09	8.078094e-09	4.845918e+01	9.419325e+02
5.470000e-06	5.813502e-09	8.076159e-09	4.824272e+01	9.412596e+02
5.480000e-06	5.787146e-09	8.075008e-09	4.802401e+01	9.405641e+02
5.490000e-06	5.760555e-09	8.068831e-09	4.780335e+01	9.398444e+02
5.500000e-06	5.733744e-09	8.061278e-09	4.758086e+01	9.390998e+02
5.510000e-06	5.706666e-09	8.054057e-09	4.735615e+01	9.383305e+02
5.520000e-06	5.679304e-09	8.049753e-09	4.712909e+01	9.375378e+02
5.530000e-06	5.651666e-09	8.042392e-09	4.689975e+01	9.367230e+02
5.540000e-06	5.623767e-09	8.034601e-09	4.666823e+01	9.358882e+02
5.550000e-06	5.595589e-09	8.030685e-09	4.643439e+01	9.350354e+02
5.560000e-06	5.567116e-09	8.032846e-09	4.619811e+01	9.341668e+02
5.570000e-06	5.538366e-09	8.035221e-09	4.595954e+01	9.332846e+02
5.580000e-06	5.509354e-09	8.031120e-09	4.571878e+01	9.323911e+02
5.590000e-06	5.480067e-09	8.021715e-09	4.547574e+01	9.314885e+02
5.600000e-06	5.450500e-09	8.011269e-09	4.523039e+01	9.305792e+02
5.610000e-06	5.420672e-09	8.003132e-09	4.498286e+01	9.296655e+02
5.620000e-06	5.390604e-09	7.995046e-09	4.473335e+01	9.287496e+02
5.630000e-06	5.360310e-09	7.989806e-09	4.448196e+01	9.278335e+02
5.640000e-06	5.329775e-09	7.984656e-09	4.422857e+01	9.269191e+02
5.650000e-06	5.298984e-09	7.978031e-09	4.397305e+01	9.260075e+02
5.660000e-06	5.267929e-09	7.973373e-09	4.371534e+01	9.250995e+02
5.670000e-06	5.236641e-09	7.969342e-09	4.345570e+01	9.241950e+02
5.680000e-06	5.205138e-09	7.964322e-09	4.319428e+01	9.232933e+02
5.690000e-06	5.173406e-09	7.956158e-09	4.293095e+01	9.223928e+02
5.700000e-06	5.141453e-09	7.947830e-09	4.266579e+01	9.214915e+02
5.710000e-06	5.109293e-09	7.941101e-09	4.239892e+01	9.205869e+02
5.720000e-06	5.076912e-09	7.933544e-09	4.213021e+01	9.196760e+02
5.730000e-06	5.044281e-09	7.921682e-09	4.185942e+01	9.187562e+02
5.740000e-06	5.011406e-09	7.907561e-09	4.158661e+01	9.178248e+02
5.750000e-06	4.978296e-09	7.897800e-09	4.131186e+01	9.168796e+02
5.760000e-06	4.944971e-09	7.893373e-09	4.103531e+01	9.159191e+02
5.770000e-06	4.911432e-09	7.890494e-09	4.075699e+01	9.149422e+02
5.780000e-06	4.877648e-09	7.885294e-09	4.047664e+01	9.139485e+02
5.790000e-06	4.843608e-09	7.877601e-09	4.019416e+01	9.129383e+02
5.800000e-06	4.809337e-09	7.866880e-09	3.990976e+01	9.119121e+02
5.810000e-06	4.774846e-09	7.852327e-09	3.962354e+01	9.108708e+02
5.820000e-06	4.740125e-09	7.836585e-09	3.933541e+01	9.098155e+02
5.830000e-06	4.705178e-09	7.826286e-09	3.904541e+01	9.087471e+02
5.840000e-06	4.670009e-09	7.819828e-09	3.875357e+01	9.076667e+02
5.850000e-06	4.634616e-09	7.813658e-09	3.845986e+01	9.065751e+02
5.860000e-06	4.598997e-09	7.808161e-09	3.816428e+01	9.054728e+02
5.870000e-06	4.563153e-09	7.796722e-09	3.786684e+01	9.043604e+02
5.880000e-06	4.527090e-09	7.780533e-09	3.756757e+01	9.032381e+02
5.890000e-06	4.490816e-09	7.764877e-09	3.726655e+01	9.021062e+02
5.900000e-06	4.454358e-09	7.749166e-09	3.696401e+01	9.009648e+02
5.910000e-06	4.417714e-09	7.732919e-09	3.665993e+01	8.998139e+02
5.920000e-06	4.380874e-09	7.719130e-09	3.635422e+01	8.986533e+02
5.930000e-06	4.343840e-09	7.711898e-09	3.604689e+01	8.974829e+02
5.940000e-06	4.306583e-09	7.708280e-09	3.573772e+01	8.963020e+02
5.950000e-06	4.269116e-09	7.701455e-09	3.542680e+01	8.951100e+02
5.960000e-06	4.231458e-09	7.689766e-09	3.511430e+01	8.939061e+02
5.970000e-06	4.193598e-09	7.678725e-09	3.480013e+01	8.926891e+02
5.980000e-06	4.155540e-09	7.668720e-09	3.448431e+01	8.914581e+02
5.990000e-06	4.117309e-09	7.655723e-09	3.416705e+01	8.902121e+02
6.000000e-06	4.078898e-09	7.639981e-09	3.384829e+01	8.889506e+02
6.010000e-06	4.040277e-09	7.624469e-09	3.352780e+01	8.876733e+02
6.020000e-06	4.001427e-09	7.612955e-09	3.320541e+01	8.863811e+02
6.030000e-06	3.962376e-09	7.603707e-09	3.288136e+01	8.850752e+02
6.040000e-06	3.923162e-09	7.593139e-09	3.255594e+01	8.837580e+02
6.050000e-06	3.883773e-09	7.582170e-09	3.222907e+01	8.824325e+02
6.060000e-06	3.844205e-09	7.573841e-09	3.190072e+01	8.811021e+02
6.070000e-06	3.804472e-09	7.568703e-09	3.157100e+01	8.797707e+02
6.080000e-06	3.764586e-09	7.565428e-09	3.124001e+01	8.784418e+02
6.090000e-06	3.724524e-09	7.558835e-09	3.090756e+01	8.771184e+02
6.100000e-06	3.684280e-09	7.544247e-09	3.057360e+01	8.758025e+02
6.110000e-06	3.643867e-09	7.525205e-09	3.023824e+01	8.744949e+02
6.120000e-06	3.603276e-09	7.508013e-09	2.990140e+01	8.731945e+02
6.130000e-06	3.562523e-09	7.493492e-09	2.956321e+01	8.718987e+02
6.140000e-06	3.521623e-09	7.478255e-09	2.922381e+01	8.706035e+02
6.150000e-06	3.480570e-09	7.465815e-09	2.888314e+01	8.693035e+02
6.160000e-06	3.439360e-09	7.457248e-09	2.854116e+01	8.679926e+02
6.170000e-06	3.397995e-09	7.451921e-09	2.819790e+01	8.666641e+02
6.180000e-06	3.356483e-09	7.446803e-09	2.785342e+01	8.653120e+02
6.190000e-06	3.314804e-09	7.434382e-09	2.750755e+01	8.639310e+02
6.200000e-06	3.272936e-09	7.422028e-09	2.716011e+01	8.625172e+02
6.210000e-06	3.230879e-09	7.413064e-09	2.681110e+01	8.610682e+02
6.220000e-06	3.188655e-09	7.405818e-09	2.646071e+01	8.595836e+02
6.230000e-06	3.146291e-09	7.395438e-09	2.610916e+01	8.580647e+02
6.240000e-06	3.103790e-09	7.376488e-09	2.575647e+01	8.565142e+02
6.250000e-06	3.061147e-09	7.357558e-09	2.540260e+01	8.549360e+02
6.260000e-06	3.018373e-09	7.343485e-09	2.504765e+01	8.533346e+02
6.270000e-06	2.975482e-09	7.334760e-09	2.469172e+01	8.517144e+02
6.280000e-06	2.932470e-09	7.327123e-09	2.433479e+01	8.500795e+02
6.290000e-06	2.889330e-09	7.317286e-09	2.397680e+01	8.484330e+02
6.300000e-06	2.846070e-09	7.307123e-09	2.361781e+01	8.467768e+02
6.310000e-06	2.802702e-09	7.293354e-09	2.325792e+01	8.451117e+02
6.320000e-06	2.759208e-09	7.273135e-09	2.289699e+01	8.434373e+02
6.330000e-06	2.715571e-09	7.246327e-09	2.253488e+01	8.417523e+02
6.340000e-06	2.671791e-09	7.222758e-09	2.217157e+01	8.400545e+02
6.350000e-06	2.627894e-09	7.208898e-09	2.180730e+01	8.383421e+02
6.360000e-06	2.583894e-09	7.199977e-09	2.144217e+01	8.366129e+02
6.370000e-06	2.539783e-09	7.190685e-09	2.107612e+01	8.348657e+02
6.380000e-06	2.495561e-09	7.176893e-09	2.070915e+01	8.330998e+02
6.390000e-06	2.451229e-09	7.163038e-09	2.034126e+01	8.313155e+02
6.400000e-06	2.406799e-09	7.147117e-09	1.997257e+01	8.295137e+02
6.410000e-06	2.362267e-09	7.126081e-09	1.960302e+01	8.276962e+02
6.420000e-06	2.317620e-09	7.101114e-09	1.923252e+01	8.258648e+02
6.430000e-06	2.272856e-09	7.079617e-09	1.886105e+01	8.240216e+02
6.440000e-06	2.227967e-09	7.065042e-09	1.848854e+01	8.221683e+02
6.450000e-06	2.182980e-09	7.050989e-09	1.811522e+01	8.203058e+02
6.460000e-06	2.137900e-09	7.036769e-09	1.774113e+01	8.184346e+02
6.470000e-06	2.092711e-09	7.021698e-09	1.736614e+01	8.165542e+02
6.480000e-06	2.047417e-09	7.007885e-09	1.699027e+01	8.146634e+02
6.490000e-06	2.002027e-09	6.994530e-09	1.661361e+01	8.127604e+02
6.500000e-06	1.956553e-09	6.979693e-09	1.623625e+01	8.108433e+02
6.510000e-06	1.910996e-09	6.961979e-09	1.585820e+01	8.089099e+02
6.520000e-06	1.865367e-09	6.940548e-09	1.547955e+01	8.069586e+02
6.530000e-06	1.819675e-09	6.918263e-09	1.510038e+01	8.049882e+02
6.540000e-06	1.773914e-09	6.894965e-09	1.472064e+01	8.029980e+02
6.550000e-06	1.728081e-09	6.874322e-09	1.434029e+01	8.009883e+02
6.560000e-06	1.682185e-09	6.852792e-09	1.395943e+01	7.989596e+02
6.570000e-06	1.636226e-09	6.832200e-09	1.357804e+01	7.969133e+02
6.580000e-06	1.590198e-09	6.818613e-09	1.319608e+01	7.948506e+02
6.590000e-06	1.544104e-09	6.806657e-09	1.281358e+01	7.927730e+02
6.600000e-06	1.497934e-09	6.791272e-09	1.243044e+01	7.906814e+02
6.610000e-06	1.451688e-09	6.768029e-09	1.204667e+01	7.885764e+02
6.620000e-06	1.405380e-09	6.742893e-09	1.166239e+01	7.864578e+02
6.630000e-06	1.359006e-09	6.720839e-09	1.127756e+01	7.843248e+02
6.640000e-06	1.312563e-09	6.699888e-09	1.089216e+01	7.821761e+02
6.650000e-06	1.266063e-09	6.679568e-09	1.050628e+01	7.800099e+02
6.660000e-06	1.219509e-09	6.660754e-09	1.011996e+01	7.778240e+02
6.670000e-06	1.172902e-09	6.643341e-09	9.733195e+00	7.756163e+02
6.680000e-06	1.126247e-09	6.624863e-09	9.346033e+00	7.733851e+02
6.690000e-06	1.079538e-09	6.605149e-09	8.958425e+00	7.711288e+02
6.700000e-06	1.032784e-09	6.584071e-09	8.570443e+00	7.688463e+02
6.710000e-06	9.859948e-10	6.562543e-09	8.182165e+00	7.665371e+02
6.720000e-06	9.391703e-10	6.541579e-09	7.793596e+00	7.642012e+02
6.730000e-06	8.923183e-10	6.520516e-09	7.404800e+00	7.618387e+02
6.740000e-06	8.454271e-10	6.497786e-09	7.015677e+00	7.594502e+02
6.750000e-06	7.985040e-10	6.476001e-09	6.626291e+00	7.570361e+02
6.760000e-06	7.515547e-10	6.455517e-09	6.236686e+00	7.545966e+02
6.770000e-06	7.045733e-10	6.436778e-09	5.846815e+00	7.521319e+02
6.780000e-06	6.575606e-10	6.415695e-09	5.456685e+00	7.496414e+02
6.790000e-06	6.105045e-10	6.395207e-09	5.066194e+00	7.471245e+02
6.800000e-06	5.634069e-10	6.378324e-09	4.675359e+00	7.445800e+02
6.810000e-06	5.162774e-10	6.357472e-09	4.284260e+00	7.420065e+02
6.820000e-06	4.691165e-10	6.334192e-09	3.892901e+00	7.394024e+02
6.830000e-06	4.219275e-10	6.306653e-09	3.501308e+00	7.367659e+02
6.840000e-06	3.747272e-10	6.279096e-09	3.109621e+00	7.340951e+02
6.850000e-06	3.275060e-10	6.254265e-09	2.717761e+00	7.313883e+02
6.860000e-06	2.802517e-10	6.231936e-09	2.325625e+00	7.286438e+02
6.870000e-06	2.329856e-10	6.215159e-09	1.933393e+00	7.258598e+02
6.880000e-06	1.857156e-10	6.199053e-09	1.541128e+00	7.230347e+02
6.890000e-06	1.384365e-10	6.182076e-09	1.148787e+00	7.201669e+02
6.900000e-06	9.116884e-11	6.158856e-09	7.565415e-01	7.172549e+02
6.910000e-06	4.390494e-11	6.130792e-09	3.643267e-01	7.142972e+02
6.920000e-06	-3.362922e-12	6.099937e-09	-2.792121e-02	7.112925e+02
6.930000e-06	-5.061847e-11	6.061642e-09	-4.200669e-01	7.082397e+02
6.940000e-06	-9.785898e-11	6.027942e-09	-8.120878e-01	7.051380e+02
6.950000e-06	-1.450743e-10	5.999769e-09	-1.203899e+00	7.019870e+02
6.960000e-06	-1.922803e-10	5.976804e-09	-1.595634e+00	6.987867e+02
6.970000e-06	-2.394796e-10	5.955545e-09	-1.987313e+00	6.955374e+02
6.980000e-06	-2.866577e-10	5.931546e-09	-2.378815e+00	6.922399e+02
6.990000e-06	-3.338211e-10	5.906707e-09	-2.770197e+00	6.888952e+02
7.000000e-06	-3.809666e-10	5.877761e-09	-3.161429e+00	6.855041e+02
7.010000e-06	-4.280944e-10	5.845519e-09	-3.552515e+00	6.820672e+02
7.020000e-06	-4.752149e-10	5.807135e-09	-3.943540e+00	6.785844e+02
7.030000e-06	-5.223157e-10	5.769422e-09	-4.334401e+00	6.750550e+02
7.040000e-06	-5.693916e-10	5.732831e-09	-4.725056e+00	6.714771e+02
7.050000e-06	-6.164365e-10	5.697772e-09	-5.115453e+00	6.678477e+02
7.060000e-06	-6.634514e-10	5.667637e-09	-5.505601e+00	6.641628e+02
7.070000e-06	-7.104434e-10	5.638168e-09	-5.895560e+00	6.604176e+02
7.080000e-06	-7.573992e-10	5.610254e-09	-6.285218e+00	6.566067e+02
7.090000e-06	-8.043163e-10	5.579741e-09	-6.674555e+00	6.527244e+02
7.100000e-06	-8.511774e-10	5.545443e-09	-7.063426e+00	6.487655e+02
7.110000e-06	-8.979804e-10	5.504434e-09	-7.451816e+00	6.447255e+02
7.120000e-06	-9.447330e-10	5.459694e-09	-7.839788e+00	6.406008e+02
7.130000e-06	-9.914387e-10	5.416331e-09	-8.227371e+00	6.363893e+02
7.140000e-06	-1.038109e-09	5.377136e-09	-8.614664e+00	6.320902e+02
7.150000e-06	-1.084731e-09	5.345870e-09	-9.001546e+00	6.277038e+02
7.160000e-06	-1.131301e-09	5.314643e-09	-9.388002e+00	6.232312e+02
7.170000e-06	-1.177819e-09	5.279349e-09	-9.774030e+00	6.186739e+02
7.180000e-06	-1.224276e-09	5.237098e-09	-1.015955e+01	6.140328e+02
7.190000e-06	-1.270673e-09	5.189174e-09	-1.054457e+01	6.093078e+02
7.200000e-06	-1.317013e-09	5.137638e-09	-1.092912e+01	6.044971e+02
7.210000e-06	-1.363299e-09	5.083166e-09	-1.131322e+01	5.995963e+02
7.220000e-06	-1.409536e-09	5.032639e-09	-1.169690e+01	5.945987e+02
7.230000e-06	-1.455714e-09	4.989992e-09	-1.208011e+01	5.894947e+02
7.240000e-06	-1.501833e-09	4.951011e-09	-1.246282e+01	5.842722e+02
7.250000e-06	-1.547897e-09	4.908012e-09	-1.284508e+01	5.789167e+02
7.260000e-06	-1.593906e-09	4.858144e-09	-1.322688e+01	5.734123e+02
7.270000e-06	-1.639852e-09	4.807617e-09	-1.360816e+01	5.677421e+02
7.280000e-06	-1.685721e-09	4.759193e-09	-1.398880e+01	5.618887e+02
7.290000e-06	-1.731516e-09	4.710466e-09	-1.436882e+01	5.558354e+02
7.300000e-06	-1.777238e-09	4.659280e-09	-1.474824e+01	5.495660e+02
7.310000e-06	-1.822884e-09	4.600790e-09	-1.512703e+01	5.430655e+02
7.320000e-06	-1.868451e-09	4.537766e-09	-1.550517e+01	5.363196e+02
7.330000e-06	-1.913926e-09	4.474080e-09	-1.588254e+01	5.293147e+02
7.340000e-06	-1.959300e-09	4.410558e-09	-1.625907e+01	5.220367e+02
7.350000e-06	-2.004578e-09	4.345907e-09	-1.663480e+01	5.144709e+02
7.360000e-06	-2.049768e-09	4.280483e-09	-1.700981e+01	5.066002e+02
7.370000e-06	-2.094863e-09	4.216700e-09	-1.738402e+01	4.984047e+02
7.380000e-06	-2.139841e-09	4.151609e-09	-1.775727e+01	4.898604e+02
7.390000e-06	-2.184704e-09	4.080771e-09	-1.812956e+01	4.809384e+02
7.400000e-06	-2.229460e-09	4.000006e-09	-1.850096e+01	4.716046e+02
7.410000e-06	-2.274108e-09	3.911481e-09	-1.887147e+01	4.618193e+02
7.420000e-06	-2.318661e-09	3.823203e-09	-1.924118e+01	4.515370e+02
7.430000e-06	-2.363129e-09	3.733373e-09	-1.961020e+01	4.407067e+02
7.440000e-06	-2.407498e-09	3.638984e-09	-1.997839e+01	4.292729e+02
7.450000e-06	-2.451755e-09	3.537603e-09	-2.034565e+01	4.171758e+02
7.460000e-06	-2.495906e-09	3.429241e-09	-2.071203e+01	4.043524e+02
7.470000e-06	-2.539954e-09	3.317452e-09	-2.107756e+01	3.907379e+02
7.480000e-06	-2.583895e-09	3.196531e-09	-2.144220e+01	3.762664e+02
7.490000e-06	-2.627725e-09	3.065149e-09	-2.180592e+01	3.608727e+02
7.500000e-06	-2.671444e-09	2.925770e-09	-2.216871e+01	3.444935e+02
7.510000e-06	-2.715036e-09	2.781333e-09	-2.253046e+01	3.270691e+02
7.520000e-06	-2.758488e-09	2.630822e-09	-2.289104e+01	3.085452e+02
7.530000e-06	-2.801802e-09	2.467564e-09	-2.325048e+01	2.888748e+02
7.540000e-06	-2.844965e-09	2.292723e-09	-2.360866e+01	2.680204e+02
7.550000e-06	-2.887983e-09	2.108775e-09	-2.396564e+01	2.459559e+02
7.560000e-06	-2.930880e-09	1.916170e-09	-2.432162e+01	2.226692e+02
7.570000e-06	-2.973651e-09	1.711185e-09	-2.467655e+01	1.981642e+02
7.580000e-06	-3.016285e-09	1.493252e-09	-2.503034e+01	1.724627e+02
7.590000e-06	-3.058778e-09	1.266214e-09	-2.538297e+01	1.456060e+02
7.600000e-06	-3.101141e-09	1.030694e-09	-2.573451e+01	1.176557e+02
7.610000e-06	-3.143364e-09	7.877389e-10	-2.608489e+01	8.869456e+01
7.620000e-06	-3.185447e-09	5.328066e-10	-2.643411e+01	5.882545e+01
7.630000e-06	-3.227378e-09	2.674835e-10	-2.678208e+01	2.817041e+01
7.640000e-06	-3.269143e-09	-2.377493e-13	-2.712866e+01	-3.131705e+00
7.650000e-06	-3.310740e-09	-2.700908e-10	-2.747385e+01	-3.492822e+01
7.660000e-06	-3.352194e-09	-5.439454e-10	-2.781785e+01	-6.705636e+01
7.670000e-06	-3.393517e-09	-8.220500e-10	-2.816076e+01	-9.934751e+01
7.680000e-06	-3.434673e-09	-1.098553e-09	-2.850229e+01	-1.316317e+02
7.690000e-06	-3.475657e-09	-1.371645e-09	-2.884239e+01	-1.637422e+02
7.700000e-06	-3.516503e-09	-1.642342e-09	-2.918134e+01	-1.955199e+02
7.710000e-06	-3.557202e-09	-1.911177e-09	-2.951908e+01	-2.268170e+02
7.720000e-06	-3.597722e-09	-2.179637e-09	-2.985534e+01	-2.575004e+02
7.730000e-06	-3.638054e-09	-2.443530e-09	-3.019002e+01	-2.874544e+02
7.740000e-06	-3.678195e-09	-2.698352e-09	-3.052313e+01	-3.165814e+02
7.750000e-06	-3.718155e-09	-2.944346e-09	-3.085473e+01	-3.448033e+02
7.760000e-06	-3.757940e-09	-3.187224e-09	-3.118488e+01	-3.720611e+02
7.770000e-06	-3.797545e-09	-3.422149e-09	-3.151354e+01	-3.983136e+02
7.780000e-06	-3.836966e-09	-3.642196e-09	-3.184067e+01	-4.235362e+02
7.790000e-06	-3.876221e-09	-3.848565e-09	-3.216642e+01	-4.477188e+02
7.800000e-06	-3.915317e-09	-4.043217e-09	-3.249086e+01	-4.708636e+02
7.810000e-06	-3.954224e-09	-4.232564e-09	-3.281373e+01	-4.929827e+02
7.820000e-06	-3.992941e-09	-4.418215e-09	-3.313502e+01	-5.140963e+02
7.830000e-06	-4.031464e-09	-4.597423e-09	-3.345470e+01	-5.342303e+02
7.840000e-06	-4.069797e-09	-4.768540e-09	-3.377280e+01	-5.534149e+02
7.850000e-06	-4.107960e-09	-4.932851e-09	-3.408949e+01	-5.716831e+02
7.860000e-06	-4.145949e-09	-5.091370e-09	-3.440474e+01	-5.890697e+02
7.870000e-06	-4.183753e-09	-5.240147e-09	-3.471845e+01	-6.056102e+02
7.880000e-06	-4.221372e-09	-5.377120e-09	-3.503062e+01	-6.213408e+02
7.890000e-06	-4.258809e-09	-5.501521e-09	-3.534129e+01	-6.362971e+02
7.900000e-06	-4.296040e-09	-5.619282e-09	-3.565025e+01	-6.505148e+02
7.910000e-06	-4.333047e-09	-5.739108e-09	-3.595735e+01	-6.640287e+02
7.920000e-06	-4.369850e-09	-5.859194e-09	-3.626275e+01	-6.768730e+02
7.930000e-06	-4.406461e-09	-5.973646e-09	-3.656656e+01	-6.890809e+02
7.940000e-06	-4.442862e-09	-6.079984e-09	-3.686863e+01	-7.006845e+02
7.950000e-06	-4.479030e-09	-6.178012e-09	-3.716877e+01	-7.117148e+02
7.960000e-06	-4.514963e-09	-6.265292e-09	-3.746696e+01	-7.222014e+02
7.970000e-06	-4.550685e-09	-6.341151e-09	-3.776339e+01	-7.321729e+02
7.980000e-06	-4.586172e-09	-6.414314e-09	-3.805788e+01	-7.416563e+02
7.990000e-06	-4.621423e-09	-6.490825e-09	-3.835040e+01	-7.506777e+02
8.000000e-06	-4.656459e-09	-6.570164e-09	-3.864115e+01	-7.592620e+02
8.010000e-06	-4.691272e-09	-6.650866e-09	-3.893004e+01	-7.674332e+02
8.020000e-06	-4.725862e-09	-6.728401e-09	-3.921708e+01	-7.752145e+02
8.030000e-06	-4.760231e-09	-6.797341e-09	-3.950229e+01	-7.826285e+02
8.040000e-06	-4.794398e-09	-6.856851e-09	-3.978582e+01	-7.896973e+02
8.050000e-06	-4.828367e-09	-6.909594e-09	-4.006770e+01	-7.964427e+02
8.060000e-06	-4.862122e-09	-6.961000e-09	-4.034782e+01	-8.028856e+02
8.070000e-06	-4.895674e-09	-7.012518e-09	-4.062625e+01	-8.090470e+02
8.080000e-06	-4.929023e-09	-7.062150e-09	-4.090299e+01	-8.149466e+02
8.090000e-06	-4.962150e-09	-7.110806e-09	-4.117789e+01	-8.206036e+02
8.100000e-06	-4.995046e-09	-7.158278e-09	-4.145088e+01	-8.260361e+02
8.110000e-06	-5.027733e-09	-7.207356e-09	-4.172212e+01	-8.312608e+02
8.120000e-06	-5.060189e-09	-7.256837e-09	-4.199145e+01	-8.362929e+02
8.130000e-06	-5.092379e-09	-7.300742e-09	-4.225858e+01	-8.411461e+02
8.140000e-06	-5.124336e-09	-7.340573e-09	-4.252377e+01	-8.458320e+02
8.150000e-06	-5.156059e-09	-7.378405e-09	-4.278703e+01	-8.503606e+02
8.160000e-06	-5.187529e-09	-7.413887e-09	-4.304817e+01	-8.547397e+02
8.170000e-06	-5.218767e-09	-7.447214e-09	-4.330740e+01	-8.589758e+02
8.180000e-06	-5.249768e-09	-7.479423e-09	-4.356466e+01	-8.630733e+02
8.190000e-06	-5.280508e-09	-7.512133e-09	-4.381975e+01	-8.670354e+02
8.200000e-06	-5.310995e-09	-7.546041e-09	-4.407274e+01	-8.708643e+02
8.210000e-06	-5.341253e-09	-7.579113e-09	-4.432384e+01	-8.745610e+02
8.220000e-06	-5.371267e-09	-7.611405e-09	-4.457291e+01	-8.781263e+02
8.230000e-06	-5.401030e-09	-7.644109e-09	-4.481989e+01	-8.815608e+02
8.240000e-06	-5.430559e-09	-7.672608e-09	-4.506493e+01	-8.848650e+02
8.250000e-06	-5.459834e-09	-7.697777e-09	-4.530787e+01	-8.880403e+02
8.260000e-06	-5.488854e-09	-7.721557e-09	-4.554869e+01	-8.910884e+02
8.270000e-06	-5.517630e-09	-7.745004e-09	-4.578748e+01	-8.940123e+02
8.280000e-06	-5.546158e-09	-7.769774e-09	-4.602422e+01	-8.968159e+02
8.290000e-06	-5.574442e-09	-7.796336e-09	-4.625893e+01	-8.995042e+02
8.300000e-06	-5.602470e-09	-7.823795e-09	-4.649152e+01	-9.020835e+02
8.310000e-06	-5.630223e-09	-7.847234e-09	-4.672182e+01	-9.045606e+02
8.320000e-06	-5.657695e-09	-7.869516e-09	-4.694979e+01	-9.069432e+02
8.330000e-06	-5.684888e-09	-7.888289e-09	-4.717545e+01	-9.092392e+02
8.340000e-06	-5.711819e-09	-7.901592e-09	-4.739894e+01	-9.114563e+02
8.350000e-06	-5.738504e-09	-7.914998e-09	-4.762037e+01	-9.136020e+02
8.360000e-06	-5.764926e-09	-7.931437e-09	-4.783963e+01	-9.156827e+02
8.370000e-06	-5.791074e-09	-7.952809e-09	-4.805662e+01	-9.177036e+02
8.380000e-06	-5.816958e-09	-7.976114e-09	-4.827142e+01	-9.196686e+02
8.390000e-06	-5.842580e-09	-7.997244e-09	-4.848404e+01	-9.215800e+02
8.400000e-06	-5.867942e-09	-8.013031e-09	-4.869451e+01	-9.234385e+02
8.410000e-06	-5.893053e-09	-8.025824e-09	-4.890288e+01	-9.252435e+02
8.420000e-06	-5.917900e-09	-8.040575e-09	-4.910907e+01	-9.269931e+02
8.430000e-06	-5.942473e-09	-8.057320e-09	-4.931299e+01	-9.286848e+02
8.440000e-06	-5.966770e-09	-8.073721e-09	-4.951462e+01	-9.303156e+02
8.450000e-06	-5.990792e-09	-8.090673e-09	-4.971396e+01	-9.318826e+02
8.460000e-06	-6.014525e-09	-8.107087e-09	-4.991091e+01	-9.333834e+02
8.470000e-06	-6.037965e-09	-8.118462e-09	-5.010542e+01	-9.348164e+02
8.480000e-06	-6.061106e-09	-8.126930e-09	-5.029745e+01	-9.361813e+02
8.490000e-06	-6.083921e-09	-8.131162e-09	-5.048678e+01	-9.374787e+02
8.500000e-06	-6.106432e-09	-8.139210e-09	-5.067358e+01	-9.387109e+02
8.510000e-06	-6.128655e-09	-8.154711e-09	-5.085800e+01	-9.398811e+02
8.520000e-06	-6.150577e-09	-8.170012e-09	-5.103992e+01	-9.409937e+02
8.530000e-06	-6.172215e-09	-8.185865e-09	-5.121948e+01	-9.420540e+02
8.540000e-06	-6.193600e-09	-8.195342e-09	-5.139694e+01	-9.430674e+02
8.550000e-06	-6.214730e-09	-8.203038e-09	-5.157228e+01	-9.440397e+02
8.560000e-06	-6.235594e-09	-8.208838e-09	-5.174542e+01	-9.449765e+02
8.570000e-06	-6.256171e-09	-8.211301e-09	-5.191618e+01	-9.458831e+02
8.580000e-06	-6.276453e-09	-8.213795e-09	-5.208449e+01	-9.467641e+02
8.590000e-06	-6.296434e-09	-8.218927e-09	-5.225030e+01	-9.476234e+02
8.600000e-06	-6.316115e-09	-8.232870e-09	-5.241361e+01	-9.484643e+02
8.610000e-06	-6.335537e-09	-8.242197e-09	-5.257479e+01	-9.492891e+02
8.620000e-06	-6.354684e-09	-8.246888e-09	-5.273368e+01	-9.500995e+02
8.630000e-06	-6.373529e-09	-8.247841e-09	-5.289006e+01	-9.508966e+02
8.640000e-06	-6.392094e-09	-8.249395e-09	-5.304412e+01	-9.516807e+02
8.650000e-06	-6.410371e-09	-8.256028e-09	-5.319579e+01	-9.524517e+02
8.660000e-06	-6.428365e-09	-8.260488e-09	-5.334511e+01	-9.532091e+02
8.670000e-06	-6.446088e-09	-8.270234e-09	-5.349218e+01	-9.539521e+02
8.680000e-06	-6.463509e-09	-8.279635e-09	-5.363675e+01	-9.546794e+02
8.690000e-06	-6.480627e-09	-8.287190e-09	-5.377880e+01	-9.553898e+02
8.700000e-06	-6.497449e-09	-8.289629e-09	-5.391840e+01	-9.560819e+02
8.710000e-06	-6.513973e-09	-8.286173e-09	-5.405551e+01	-9.567544e+02
8.720000e-06	-6.530222e-09	-8.286051e-09	-5.419036e+01	-9.574061e+02
8.730000e-06	-6.546192e-09	-8.287280e-09	-5.432288e+01	-9.580363e+02
8.740000e-06	-6.561859e-09	-8.293383e-09	-5.445289e+01	-9.586445e+02
8.750000e-06	-6.577201e-09	-8.299371e-09	-5.458021e+01	-9.592307e+02
8.760000e-06	-6.592208e-09	-8.304706e-09	-5.470475e+01	-9.597957e+02
8.770000e-06	-6.606898e-09	-8.306086e-09	-5.482665e+01	-9.603406e+02
8.780000e-06	-6.621289e-09	-8.303790e-09	-5.494607e+01	-9.608671e+02
8.790000e-06	-6.635382e-09	-8.304094e-09	-5.506302e+01	-9.613772e+02
8.800000e-06	-6.649166e-09	-8.304277e-09	-5.517740e+01	-9.618734e+02
8.810000e-06	-6.662636e-09	-8.308838e-09	-5.528918e+01	-9.623577e+02
8.820000e-06	-6.675806e-09	-8.313082e-09	-5.539847e+01	-9.628324e+02
8.830000e-06	-6.688703e-09	-8.319540e-09	-5.550550e+01	-9.632991e+02
8.840000e-06	-6.701311e-09	-8.323499e-09	-5.561012e+01	-9.637589e+02
8.850000e-06	-6.713598e-09	-8.323018e-09	-5.571208e+01	-9.642123e+02
8.860000e-06	-6.725569e-09	-8.322731e-09	-5.581142e+01	-9.646591e+02
8.870000e-06	-6.737242e-09	-8.321129e-09	-5.590829e+01	-9.650982e+02
8.880000e-06	-6.748623e-09	-8.326677e-09	-5.600273e+01	-9.655281e+02
8.890000e-06	-6.759695e-09	-8.330456e-09	-5.609461e+01	-9.659468e+02
8.900000e-06	-6.770424e-09	-8.331880e-09	-5.618365e+01	-9.663521e+02
8.910000e-06	-6.780796e-09	-8.325749e-09	-5.626972e+01	-9.667419e+02
8.920000e-06	-6.790832e-09	-8.318281e-09	-5.635300e+01	-9.671139e+02
8.930000e-06	-6.800523e-09	-8.318751e-09	-5.643342e+01	-9.674665e+02
8.940000e-06	-6.809850e-09	-8.321098e-09	-5.651082e+01	-9.677985e+02
8.950000e-06	-6.818864e-09	-8.333116e-09	-5.658562e+01	-9.681091e+02
8.960000e-06	-6.827617e-09	-8.347702e-09	-5.665826e+01	-9.683982e+02
8.970000e-06	-6.836108e-09	-8.357219e-09	-5.672872e+01	-9.686660e+02
8.980000e-06	-6.844318e-09	-8.359992e-09	-5.679685e+01	-9.689135e+02
8.990000e-06	-6.852255e-09	-8.352278e-09	-5.686272e+01	-9.691417e+02
9.000000e-06	-6.859908e-09	-8.340265e-09	-5.692622e+01	-9.693522e+02
9.010000e-06	-6.867213e-09	-8.327844e-09	-5.698684e+01	-9.695467e+02
9.020000e-06	-6.874180e-09	-8.319606e-09	-5.704466e+01	-9.697274e+02
9.030000e-06	-6.880841e-09	-8.322231e-09	-5.709993e+01	-9.698962e+02
9.040000e-06	-6.887198e-09	-8.332264e-09	-5.715268e+01	-9.700556e+02
9.050000e-06	-6.893236e-09	-8.348973e-09	-5.720279e+01	-9.702078e+02
9.060000e-06	-6.898933e-09	-8.362459e-09	-5.725007e+01	-9.703553e+02
9.070000e-06	-6.904322e-09	-8.367151e-09	-5.729478e+01	-9.705001e+02
9.080000e-06	-6.909412e-09	-8.368442e-09	-5.733702e+01	-9.706442e+02
9.090000e-06	-6.914197e-09	-8.363881e-09	-5.737673e+01	-9.707891e+02
9.100000e-06	-6.918677e-09	-8.356669e-09	-5.741390e+01	-9.709355e+02
9.110000e-06	-6.922812e-09	-8.348155e-09	-5.744822e+01	-9.710835e+02
9.120000e-06	-6.926631e-09	-8.342526e-09	-5.747991e+01	-9.712324e+02
9.130000e-06	-6.930177e-09	-8.347758e-09	-5.750933e+01	-9.713805e+02
9.140000e-06	-6.933436e-09	-8.358932e-09	-5.753638e+01	-9.715253e+02
9.150000e-06	-6.936376e-09	-8.374460e-09	-5.756078e+01	-9.716640e+02
9.160000e-06	-6.938934e-09	-8.385017e-09	-5.758201e+01	-9.717936e+02
9.170000e-06	-6.941127e-09	-8.386392e-09	-5.760020e+01	-9.719111e+02
9.180000e-06	-6.943017e-09	-8.382812e-09	-5.761589e+01	-9.720144e+02
9.190000e-06	-6.944608e-09	-8.372774e-09	-5.762909e+01	-9.721022e+02
9.200000e-06	-6.945885e-09	-8.364991e-09	-5.763969e+01	-9.721749e+02
9.210000e-06	-6.946819e-09	-8.361723e-09	-5.764744e+01	-9.722339e+02
9.220000e-06	-6.947439e-09	-8.367845e-09	-5.765259e+01	-9.722822e+02
9.230000e-06	-6.947779e-09	-8.380893e-09	-5.765540e+01	-9.723236e+02
