# Temperatura_=_20.0
# Concentracion g/m^3_=_10770.0
# C_Vs_to_Am_M_A/Vsm_=_116720831517.84952
# pendiente_HvsI_1/m_=_3716.3
# ordenada_HvsI_A/m_=_1297.0
# frecuencia_Hz_=_108108.1220366203
# Promedio de 7 ciclos

Tiempo_(s)	Campo_(V.s)	Magnetizacion_(V.s)	Campo_(kA/m)	Magnetizacion_(A/m)
0.000000e+00	-4.194564e-09	-4.468024e-09	-3.539284e+01	-5.199562e+02
1.000000e-08	-4.194592e-09	-4.470602e-09	-3.539308e+01	-5.202169e+02
2.000000e-08	-4.194443e-09	-4.474189e-09	-3.539182e+01	-5.204395e+02
3.000000e-08	-4.194181e-09	-4.477579e-09	-3.538961e+01	-5.206040e+02
4.000000e-08	-4.193695e-09	-4.480724e-09	-3.538551e+01	-5.206939e+02
5.000000e-08	-4.192958e-09	-4.480209e-09	-3.537929e+01	-5.206980e+02
6.000000e-08	-4.192040e-09	-4.475897e-09	-3.537154e+01	-5.206125e+02
7.000000e-08	-4.190946e-09	-4.461559e-09	-3.536231e+01	-5.204411e+02
8.000000e-08	-4.189634e-09	-4.454740e-09	-3.535124e+01	-5.201951e+02
9.000000e-08	-4.188016e-09	-4.520658e-09	-3.533759e+01	-5.198926e+02
1.000000e-07	-4.186044e-09	-4.526377e-09	-3.532095e+01	-5.195560e+02
1.100000e-07	-4.183939e-09	-4.397417e-09	-3.530319e+01	-5.192103e+02
1.200000e-07	-4.181937e-09	-4.396332e-09	-3.528629e+01	-5.188805e+02
1.300000e-07	-4.179813e-09	-4.505928e-09	-3.526838e+01	-5.185883e+02
1.400000e-07	-4.177235e-09	-4.502665e-09	-3.524662e+01	-5.183509e+02
1.500000e-07	-4.174376e-09	-4.327126e-09	-3.522250e+01	-5.181784e+02
1.600000e-07	-4.171491e-09	-4.364652e-09	-3.519816e+01	-5.180737e+02
1.700000e-07	-4.168393e-09	-4.569996e-09	-3.517202e+01	-5.180319e+02
1.800000e-07	-4.164888e-09	-4.484508e-09	-3.514244e+01	-5.180417e+02
1.900000e-07	-4.161185e-09	-4.370976e-09	-3.511120e+01	-5.180863e+02
2.000000e-07	-4.157441e-09	-4.396840e-09	-3.507961e+01	-5.181455e+02
2.100000e-07	-4.153538e-09	-4.519579e-09	-3.504667e+01	-5.181985e+02
2.200000e-07	-4.149390e-09	-4.428087e-09	-3.501167e+01	-5.182254e+02
2.300000e-07	-4.145093e-09	-4.329570e-09	-3.497542e+01	-5.182095e+02
2.400000e-07	-4.140706e-09	-4.445450e-09	-3.493840e+01	-5.181387e+02
2.500000e-07	-4.136096e-09	-4.457588e-09	-3.489950e+01	-5.180063e+02
2.600000e-07	-4.131258e-09	-4.378236e-09	-3.485868e+01	-5.178113e+02
2.700000e-07	-4.126311e-09	-4.367913e-09	-3.481694e+01	-5.175577e+02
2.800000e-07	-4.121210e-09	-4.471266e-09	-3.477390e+01	-5.172538e+02
2.900000e-07	-4.115799e-09	-4.394561e-09	-3.472824e+01	-5.169106e+02
3.000000e-07	-4.110138e-09	-4.335280e-09	-3.468047e+01	-5.165403e+02
3.100000e-07	-4.104334e-09	-4.430727e-09	-3.463150e+01	-5.161552e+02
3.200000e-07	-4.098325e-09	-4.437236e-09	-3.458079e+01	-5.157658e+02
3.300000e-07	-4.092135e-09	-4.338049e-09	-3.452857e+01	-5.153803e+02
3.400000e-07	-4.085809e-09	-4.345662e-09	-3.447519e+01	-5.150042e+02
3.500000e-07	-4.079301e-09	-4.447244e-09	-3.442028e+01	-5.146399e+02
3.600000e-07	-4.072538e-09	-4.367089e-09	-3.436321e+01	-5.142871e+02
3.700000e-07	-4.065616e-09	-4.304849e-09	-3.430481e+01	-5.139438e+02
3.800000e-07	-4.058552e-09	-4.390072e-09	-3.424520e+01	-5.136065e+02
3.900000e-07	-4.051235e-09	-4.401481e-09	-3.418346e+01	-5.132715e+02
4.000000e-07	-4.043728e-09	-4.331030e-09	-3.412012e+01	-5.129352e+02
4.100000e-07	-4.036075e-09	-4.340535e-09	-3.405555e+01	-5.125951e+02
4.200000e-07	-4.028245e-09	-4.396923e-09	-3.398948e+01	-5.122498e+02
4.300000e-07	-4.020216e-09	-4.334901e-09	-3.392173e+01	-5.118990e+02
4.400000e-07	-4.012059e-09	-4.321475e-09	-3.385291e+01	-5.115433e+02
4.500000e-07	-4.003767e-09	-4.370507e-09	-3.378294e+01	-5.111838e+02
4.600000e-07	-3.995232e-09	-4.340449e-09	-3.371093e+01	-5.108216e+02
4.700000e-07	-3.986457e-09	-4.322365e-09	-3.363688e+01	-5.104574e+02
4.800000e-07	-3.977498e-09	-4.357967e-09	-3.356129e+01	-5.100908e+02
4.900000e-07	-3.968358e-09	-4.371940e-09	-3.348416e+01	-5.097205e+02
5.000000e-07	-3.959047e-09	-4.315192e-09	-3.340560e+01	-5.093439e+02
5.100000e-07	-3.949574e-09	-4.325951e-09	-3.332567e+01	-5.089576e+02
5.200000e-07	-3.939909e-09	-4.340427e-09	-3.324412e+01	-5.085574e+02
5.300000e-07	-3.930060e-09	-4.312034e-09	-3.316102e+01	-5.081393e+02
5.400000e-07	-3.919983e-09	-4.313403e-09	-3.307598e+01	-5.076994e+02
5.500000e-07	-3.909617e-09	-4.319347e-09	-3.298852e+01	-5.072351e+02
5.600000e-07	-3.899015e-09	-4.326235e-09	-3.289906e+01	-5.067449e+02
5.700000e-07	-3.888210e-09	-4.316783e-09	-3.280789e+01	-5.062292e+02
5.800000e-07	-3.877233e-09	-4.321775e-09	-3.271527e+01	-5.056898e+02
5.900000e-07	-3.866102e-09	-4.306378e-09	-3.262135e+01	-5.051301e+02
6.000000e-07	-3.854811e-09	-4.296769e-09	-3.252608e+01	-5.045548e+02
6.100000e-07	-3.843365e-09	-4.293755e-09	-3.242950e+01	-5.039691e+02
6.200000e-07	-3.831728e-09	-4.279529e-09	-3.233131e+01	-5.033783e+02
6.300000e-07	-3.819903e-09	-4.281118e-09	-3.223154e+01	-5.027872e+02
6.400000e-07	-3.807875e-09	-4.269604e-09	-3.213004e+01	-5.021998e+02
6.500000e-07	-3.795669e-09	-4.270554e-09	-3.202705e+01	-5.016184e+02
6.600000e-07	-3.783331e-09	-4.269346e-09	-3.192294e+01	-5.010439e+02
6.700000e-07	-3.770838e-09	-4.260766e-09	-3.181753e+01	-5.004753e+02
6.800000e-07	-3.758186e-09	-4.247383e-09	-3.171078e+01	-4.999101e+02
6.900000e-07	-3.745372e-09	-4.243860e-09	-3.160265e+01	-4.993448e+02
7.000000e-07	-3.732402e-09	-4.244004e-09	-3.149322e+01	-4.987746e+02
7.100000e-07	-3.719244e-09	-4.224837e-09	-3.138219e+01	-4.981948e+02
7.200000e-07	-3.705872e-09	-4.224266e-09	-3.126937e+01	-4.976006e+02
7.300000e-07	-3.692301e-09	-4.222138e-09	-3.115486e+01	-4.969878e+02
7.400000e-07	-3.678567e-09	-4.220712e-09	-3.103897e+01	-4.963534e+02
7.500000e-07	-3.664691e-09	-4.217967e-09	-3.092189e+01	-4.956957e+02
7.600000e-07	-3.650657e-09	-4.207941e-09	-3.080347e+01	-4.950141e+02
7.700000e-07	-3.636461e-09	-4.196288e-09	-3.068369e+01	-4.943095e+02
7.800000e-07	-3.622085e-09	-4.182918e-09	-3.056239e+01	-4.935842e+02
7.900000e-07	-3.607560e-09	-4.176318e-09	-3.043983e+01	-4.928409e+02
8.000000e-07	-3.592893e-09	-4.158268e-09	-3.031607e+01	-4.920830e+02
8.100000e-07	-3.578027e-09	-4.150072e-09	-3.019063e+01	-4.913140e+02
8.200000e-07	-3.562925e-09	-4.147900e-09	-3.006320e+01	-4.905369e+02
8.300000e-07	-3.547625e-09	-4.148981e-09	-2.993411e+01	-4.897539e+02
8.400000e-07	-3.532177e-09	-4.148060e-09	-2.980376e+01	-4.889662e+02
8.500000e-07	-3.516572e-09	-4.137619e-09	-2.967210e+01	-4.881736e+02
8.600000e-07	-3.500797e-09	-4.131552e-09	-2.953898e+01	-4.873747e+02
8.700000e-07	-3.484821e-09	-4.117614e-09	-2.940418e+01	-4.865670e+02
8.800000e-07	-3.468655e-09	-4.102247e-09	-2.926778e+01	-4.857469e+02
8.900000e-07	-3.452322e-09	-4.082274e-09	-2.912996e+01	-4.849103e+02
9.000000e-07	-3.435833e-09	-4.067734e-09	-2.899083e+01	-4.840531e+02
9.100000e-07	-3.419204e-09	-4.060284e-09	-2.885052e+01	-4.831714e+02
9.200000e-07	-3.402432e-09	-4.055728e-09	-2.870900e+01	-4.822623e+02
9.300000e-07	-3.385524e-09	-4.056085e-09	-2.856634e+01	-4.813241e+02
9.400000e-07	-3.368499e-09	-4.049781e-09	-2.842268e+01	-4.803566e+02
9.500000e-07	-3.351342e-09	-4.044836e-09	-2.827792e+01	-4.793614e+02
9.600000e-07	-3.334029e-09	-4.030715e-09	-2.813183e+01	-4.783419e+02
9.700000e-07	-3.316565e-09	-4.010931e-09	-2.798447e+01	-4.773025e+02
9.800000e-07	-3.298967e-09	-3.991395e-09	-2.783599e+01	-4.762492e+02
9.900000e-07	-3.281249e-09	-3.976339e-09	-2.768649e+01	-4.751881e+02
1.000000e-06	-3.263394e-09	-3.972148e-09	-2.753583e+01	-4.741255e+02
1.010000e-06	-3.245350e-09	-3.969891e-09	-2.738358e+01	-4.730668e+02
1.020000e-06	-3.227129e-09	-3.972495e-09	-2.722983e+01	-4.720164e+02
1.030000e-06	-3.208749e-09	-3.968418e-09	-2.707474e+01	-4.709768e+02
1.040000e-06	-3.190228e-09	-3.957183e-09	-2.691847e+01	-4.699490e+02
1.050000e-06	-3.171592e-09	-3.940150e-09	-2.676122e+01	-4.689318e+02
1.060000e-06	-3.152821e-09	-3.919008e-09	-2.660284e+01	-4.679224e+02
1.070000e-06	-3.133911e-09	-3.904923e-09	-2.644328e+01	-4.669167e+02
1.080000e-06	-3.114864e-09	-3.896981e-09	-2.628256e+01	-4.659100e+02
1.090000e-06	-3.095684e-09	-3.896662e-09	-2.612072e+01	-4.648973e+02
1.100000e-06	-3.076378e-09	-3.897304e-09	-2.595782e+01	-4.638744e+02
1.110000e-06	-3.056934e-09	-3.897843e-09	-2.579377e+01	-4.628381e+02
1.120000e-06	-3.037332e-09	-3.891338e-09	-2.562837e+01	-4.617866e+02
1.130000e-06	-3.017550e-09	-3.876584e-09	-2.546145e+01	-4.607201e+02
1.140000e-06	-2.997603e-09	-3.860609e-09	-2.529314e+01	-4.596404e+02
1.150000e-06	-2.977517e-09	-3.847096e-09	-2.512366e+01	-4.585505e+02
1.160000e-06	-2.957299e-09	-3.840456e-09	-2.495307e+01	-4.574546e+02
1.170000e-06	-2.936951e-09	-3.831110e-09	-2.478138e+01	-4.563568e+02
1.180000e-06	-2.916468e-09	-3.823637e-09	-2.460854e+01	-4.552611e+02
1.190000e-06	-2.895851e-09	-3.818887e-09	-2.443458e+01	-4.541705e+02
1.200000e-06	-2.875089e-09	-3.814083e-09	-2.425940e+01	-4.530863e+02
1.210000e-06	-2.854201e-09	-3.807077e-09	-2.408315e+01	-4.520081e+02
1.220000e-06	-2.833202e-09	-3.796473e-09	-2.390596e+01	-4.509339e+02
1.230000e-06	-2.812090e-09	-3.788568e-09	-2.372782e+01	-4.498600e+02
1.240000e-06	-2.790839e-09	-3.782251e-09	-2.354851e+01	-4.487818e+02
1.250000e-06	-2.769430e-09	-3.777412e-09	-2.336787e+01	-4.476941e+02
1.260000e-06	-2.747871e-09	-3.766526e-09	-2.318595e+01	-4.465924e+02
1.270000e-06	-2.726177e-09	-3.753862e-09	-2.300291e+01	-4.454729e+02
1.280000e-06	-2.704385e-09	-3.744574e-09	-2.281903e+01	-4.443336e+02
1.290000e-06	-2.682485e-09	-3.736346e-09	-2.263424e+01	-4.431743e+02
1.300000e-06	-2.660470e-09	-3.729133e-09	-2.244849e+01	-4.419967e+02
1.310000e-06	-2.638356e-09	-3.717548e-09	-2.226189e+01	-4.408044e+02
1.320000e-06	-2.616133e-09	-3.706604e-09	-2.207438e+01	-4.396022e+02
1.330000e-06	-2.593794e-09	-3.696126e-09	-2.188588e+01	-4.383953e+02
1.340000e-06	-2.571342e-09	-3.685259e-09	-2.169644e+01	-4.371884e+02
1.350000e-06	-2.548777e-09	-3.673302e-09	-2.150604e+01	-4.359854e+02
1.360000e-06	-2.526084e-09	-3.661827e-09	-2.131456e+01	-4.347880e+02
1.370000e-06	-2.503249e-09	-3.655006e-09	-2.112189e+01	-4.335959e+02
1.380000e-06	-2.480255e-09	-3.649321e-09	-2.092787e+01	-4.324062e+02
1.390000e-06	-2.457101e-09	-3.642695e-09	-2.073250e+01	-4.312140e+02
1.400000e-06	-2.433804e-09	-3.631504e-09	-2.053592e+01	-4.300128e+02
1.410000e-06	-2.410389e-09	-3.619061e-09	-2.033836e+01	-4.287952e+02
1.420000e-06	-2.386867e-09	-3.605344e-09	-2.013989e+01	-4.275540e+02
1.430000e-06	-2.363236e-09	-3.592328e-09	-1.994049e+01	-4.262835e+02
1.440000e-06	-2.339502e-09	-3.581036e-09	-1.974022e+01	-4.249798e+02
1.450000e-06	-2.315668e-09	-3.568678e-09	-1.953912e+01	-4.236421e+02
1.460000e-06	-2.291752e-09	-3.559157e-09	-1.933732e+01	-4.222725e+02
1.470000e-06	-2.267753e-09	-3.550489e-09	-1.913482e+01	-4.208763e+02
1.480000e-06	-2.243660e-09	-3.543122e-09	-1.893153e+01	-4.194613e+02
1.490000e-06	-2.219464e-09	-3.532790e-09	-1.872737e+01	-4.180367e+02
1.500000e-06	-2.195166e-09	-3.520635e-09	-1.852235e+01	-4.166125e+02
1.510000e-06	-2.170770e-09	-3.508708e-09	-1.831650e+01	-4.151981e+02
1.520000e-06	-2.146255e-09	-3.495801e-09	-1.810965e+01	-4.138007e+02
1.530000e-06	-2.121622e-09	-3.484135e-09	-1.790180e+01	-4.124249e+02
1.540000e-06	-2.096872e-09	-3.469561e-09	-1.769297e+01	-4.110714e+02
1.550000e-06	-2.072013e-09	-3.456718e-09	-1.748321e+01	-4.097373e+02
1.560000e-06	-2.047061e-09	-3.444911e-09	-1.727267e+01	-4.084161e+02
1.570000e-06	-2.022024e-09	-3.432943e-09	-1.706141e+01	-4.070980e+02
1.580000e-06	-1.996897e-09	-3.419671e-09	-1.684940e+01	-4.057717e+02
1.590000e-06	-1.971684e-09	-3.403247e-09	-1.663665e+01	-4.044247e+02
1.600000e-06	-1.946382e-09	-3.387653e-09	-1.642316e+01	-4.030456e+02
1.610000e-06	-1.920988e-09	-3.373210e-09	-1.620889e+01	-4.016248e+02
1.620000e-06	-1.895518e-09	-3.364027e-09	-1.599398e+01	-4.001557e+02
1.630000e-06	-1.869971e-09	-3.354526e-09	-1.577842e+01	-3.986356e+02
1.640000e-06	-1.844353e-09	-3.343078e-09	-1.556226e+01	-3.970658e+02
1.650000e-06	-1.818661e-09	-3.329064e-09	-1.534548e+01	-3.954514e+02
1.660000e-06	-1.792893e-09	-3.313923e-09	-1.512806e+01	-3.938010e+02
1.670000e-06	-1.767044e-09	-3.300611e-09	-1.490995e+01	-3.921254e+02
1.680000e-06	-1.741108e-09	-3.285003e-09	-1.469111e+01	-3.904366e+02
1.690000e-06	-1.715093e-09	-3.267523e-09	-1.447159e+01	-3.887467e+02
1.700000e-06	-1.689004e-09	-3.248352e-09	-1.425146e+01	-3.870661e+02
1.710000e-06	-1.662835e-09	-3.231977e-09	-1.403065e+01	-3.854033e+02
1.720000e-06	-1.636575e-09	-3.216815e-09	-1.380908e+01	-3.837635e+02
1.730000e-06	-1.610225e-09	-3.205149e-09	-1.358674e+01	-3.821490e+02
1.740000e-06	-1.583797e-09	-3.192287e-09	-1.336375e+01	-3.805584e+02
1.750000e-06	-1.557294e-09	-3.177609e-09	-1.314012e+01	-3.789875e+02
1.760000e-06	-1.530713e-09	-3.165979e-09	-1.291583e+01	-3.774302e+02
1.770000e-06	-1.504071e-09	-3.154955e-09	-1.269104e+01	-3.758788e+02
1.780000e-06	-1.477370e-09	-3.142531e-09	-1.246574e+01	-3.743251e+02
1.790000e-06	-1.450597e-09	-3.127300e-09	-1.223984e+01	-3.727614e+02
1.800000e-06	-1.423762e-09	-3.114005e-09	-1.201341e+01	-3.711812e+02
1.810000e-06	-1.396866e-09	-3.101699e-09	-1.178647e+01	-3.695795e+02
1.820000e-06	-1.369912e-09	-3.091926e-09	-1.155903e+01	-3.679533e+02
1.830000e-06	-1.342902e-09	-3.080708e-09	-1.133112e+01	-3.663015e+02
1.840000e-06	-1.315828e-09	-3.063116e-09	-1.110268e+01	-3.646245e+02
1.850000e-06	-1.288690e-09	-3.047175e-09	-1.087370e+01	-3.629244e+02
1.860000e-06	-1.261495e-09	-3.032265e-09	-1.064423e+01	-3.612038e+02
1.870000e-06	-1.234252e-09	-3.019827e-09	-1.041436e+01	-3.594659e+02
1.880000e-06	-1.206961e-09	-3.006342e-09	-1.018409e+01	-3.577141e+02
1.890000e-06	-1.179614e-09	-2.990716e-09	-9.953338e+00	-3.559511e+02
1.900000e-06	-1.152204e-09	-2.977869e-09	-9.722055e+00	-3.541794e+02
1.910000e-06	-1.124750e-09	-2.963779e-09	-9.490403e+00	-3.524009e+02
1.920000e-06	-1.097260e-09	-2.949392e-09	-9.258451e+00	-3.506169e+02
1.930000e-06	-1.069717e-09	-2.931758e-09	-9.026053e+00	-3.488283e+02
1.940000e-06	-1.042118e-09	-2.917837e-09	-8.793172e+00	-3.470357e+02
1.950000e-06	-1.014457e-09	-2.905446e-09	-8.559774e+00	-3.452396e+02
1.960000e-06	-9.867441e-10	-2.889248e-09	-8.325942e+00	-3.434404e+02
1.970000e-06	-9.589864e-10	-2.872136e-09	-8.091728e+00	-3.416385e+02
1.980000e-06	-9.311636e-10	-2.854246e-09	-7.856965e+00	-3.398344e+02
1.990000e-06	-9.032881e-10	-2.840647e-09	-7.621758e+00	-3.380281e+02
2.000000e-06	-8.753521e-10	-2.827480e-09	-7.386040e+00	-3.362196e+02
2.010000e-06	-8.473557e-10	-2.814730e-09	-7.149813e+00	-3.344081e+02
2.020000e-06	-8.193142e-10	-2.800529e-09	-6.913204e+00	-3.325925e+02
2.030000e-06	-7.912268e-10	-2.784132e-09	-6.676209e+00	-3.307708e+02
2.040000e-06	-7.630978e-10	-2.767859e-09	-6.438862e+00	-3.289405e+02
2.050000e-06	-7.349274e-10	-2.748935e-09	-6.201167e+00	-3.270982e+02
2.060000e-06	-7.067245e-10	-2.729661e-09	-5.963196e+00	-3.252405e+02
2.070000e-06	-6.784897e-10	-2.711201e-09	-5.724957e+00	-3.233635e+02
2.080000e-06	-6.502272e-10	-2.696827e-09	-5.486484e+00	-3.214636e+02
2.090000e-06	-6.219343e-10	-2.684242e-09	-5.247754e+00	-3.195373e+02
2.100000e-06	-5.936171e-10	-2.671694e-09	-5.008819e+00	-3.175822e+02
2.110000e-06	-5.652712e-10	-2.655549e-09	-4.769643e+00	-3.155964e+02
2.120000e-06	-5.368993e-10	-2.632580e-09	-4.530246e+00	-3.135793e+02
2.130000e-06	-5.085075e-10	-2.609530e-09	-4.290683e+00	-3.115312e+02
2.140000e-06	-4.800798e-10	-2.587871e-09	-4.050816e+00	-3.094535e+02
2.150000e-06	-4.516322e-10	-2.570043e-09	-3.810781e+00	-3.073482e+02
2.160000e-06	-4.231663e-10	-2.553550e-09	-3.570591e+00	-3.052183e+02
2.170000e-06	-3.946775e-10	-2.538041e-09	-3.330210e+00	-3.030669e+02
2.180000e-06	-3.661713e-10	-2.524941e-09	-3.089680e+00	-3.008974e+02
2.190000e-06	-3.376334e-10	-2.510192e-09	-2.848883e+00	-2.987127e+02
2.200000e-06	-3.090772e-10	-2.492316e-09	-2.607933e+00	-2.965154e+02
2.210000e-06	-2.805169e-10	-2.468622e-09	-2.366947e+00	-2.943073e+02
2.220000e-06	-2.519434e-10	-2.444115e-09	-2.125850e+00	-2.920895e+02
2.230000e-06	-2.233422e-10	-2.420954e-09	-1.884519e+00	-2.898619e+02
2.240000e-06	-1.947293e-10	-2.400379e-09	-1.643089e+00	-2.876234e+02
2.250000e-06	-1.661104e-10	-2.382451e-09	-1.401609e+00	-2.853721e+02
2.260000e-06	-1.374764e-10	-2.364950e-09	-1.160002e+00	-2.831051e+02
2.270000e-06	-1.088420e-10	-2.349333e-09	-9.183905e-01	-2.808190e+02
2.280000e-06	-8.020447e-11	-2.332365e-09	-6.767534e-01	-2.785100e+02
2.290000e-06	-5.156367e-11	-2.312028e-09	-4.350886e-01	-2.761740e+02
2.300000e-06	-2.291753e-11	-2.289712e-09	-1.933787e-01	-2.738073e+02
2.310000e-06	5.720780e-12	-2.268822e-09	4.826528e-02	-2.714070e+02
2.320000e-06	3.435581e-11	-2.249510e-09	2.898816e-01	-2.689708e+02
2.330000e-06	6.299371e-11	-2.228265e-09	5.315222e-01	-2.664976e+02
2.340000e-06	9.161582e-11	-2.205406e-09	7.730294e-01	-2.639877e+02
2.350000e-06	1.202180e-10	-2.181595e-09	1.014368e+00	-2.614427e+02
2.360000e-06	1.488188e-10	-2.158538e-09	1.255696e+00	-2.588658e+02
2.370000e-06	1.774313e-10	-2.135432e-09	1.497122e+00	-2.562611e+02
2.380000e-06	2.060280e-10	-2.114245e-09	1.738415e+00	-2.536336e+02
2.390000e-06	2.346209e-10	-2.098254e-09	1.979676e+00	-2.509888e+02
2.400000e-06	2.632134e-10	-2.082548e-09	2.220933e+00	-2.483318e+02
2.410000e-06	2.917802e-10	-2.066062e-09	2.461973e+00	-2.456674e+02
2.420000e-06	3.203275e-10	-2.045766e-09	2.702849e+00	-2.429989e+02
2.430000e-06	3.488619e-10	-2.022775e-09	2.943616e+00	-2.403284e+02
2.440000e-06	3.773799e-10	-2.001556e-09	3.184245e+00	-2.376560e+02
2.450000e-06	4.058867e-10	-1.980660e-09	3.424780e+00	-2.349798e+02
2.460000e-06	4.343657e-10	-1.958557e-09	3.665079e+00	-2.322966e+02
2.470000e-06	4.628127e-10	-1.936372e-09	3.905109e+00	-2.296016e+02
2.480000e-06	4.912424e-10	-1.918083e-09	4.144992e+00	-2.268892e+02
2.490000e-06	5.196391e-10	-1.899655e-09	4.384598e+00	-2.241536e+02
2.500000e-06	5.480043e-10	-1.878594e-09	4.623937e+00	-2.213896e+02
2.510000e-06	5.763526e-10	-1.855041e-09	4.863134e+00	-2.185930e+02
2.520000e-06	6.046788e-10	-1.827812e-09	5.102145e+00	-2.157615e+02
2.530000e-06	6.329672e-10	-1.801947e-09	5.340837e+00	-2.128946e+02
2.540000e-06	6.612192e-10	-1.777667e-09	5.579221e+00	-2.099937e+02
2.550000e-06	6.894395e-10	-1.756081e-09	5.817338e+00	-2.070623e+02
2.560000e-06	7.176312e-10	-1.734509e-09	6.055213e+00	-2.041052e+02
2.570000e-06	7.457871e-10	-1.711922e-09	6.292786e+00	-2.011279e+02
2.580000e-06	7.739098e-10	-1.690645e-09	6.530080e+00	-1.981360e+02
2.590000e-06	8.019984e-10	-1.666310e-09	6.767085e+00	-1.951342e+02
2.600000e-06	8.300416e-10	-1.640013e-09	7.003708e+00	-1.921257e+02
2.610000e-06	8.580441e-10	-1.612320e-09	7.239988e+00	-1.891116e+02
2.620000e-06	8.859889e-10	-1.584954e-09	7.475780e+00	-1.860907e+02
2.630000e-06	9.138855e-10	-1.557727e-09	7.711165e+00	-1.830591e+02
2.640000e-06	9.417372e-10	-1.532234e-09	7.946172e+00	-1.800113e+02
2.650000e-06	9.695285e-10	-1.509818e-09	8.180669e+00	-1.769397e+02
2.660000e-06	9.972684e-10	-1.486555e-09	8.414732e+00	-1.738362e+02
2.670000e-06	1.024956e-09	-1.463557e-09	8.648354e+00	-1.706927e+02
2.680000e-06	1.052592e-09	-1.438368e-09	8.881542e+00	-1.675019e+02
2.690000e-06	1.080170e-09	-1.410276e-09	9.114234e+00	-1.642583e+02
2.700000e-06	1.107680e-09	-1.379401e-09	9.346362e+00	-1.609584e+02
2.710000e-06	1.135133e-09	-1.347206e-09	9.578007e+00	-1.576014e+02
2.720000e-06	1.162527e-09	-1.315013e-09	9.809144e+00	-1.541886e+02
2.730000e-06	1.189864e-09	-1.282811e-09	1.003982e+01	-1.507237e+02
2.740000e-06	1.217152e-09	-1.253600e-09	1.027006e+01	-1.472115e+02
2.750000e-06	1.244371e-09	-1.226945e-09	1.049973e+01	-1.436579e+02
2.760000e-06	1.271535e-09	-1.202461e-09	1.072893e+01	-1.400684e+02
2.770000e-06	1.298656e-09	-1.172798e-09	1.095778e+01	-1.364478e+02
2.780000e-06	1.325724e-09	-1.139048e-09	1.118617e+01	-1.327993e+02
2.790000e-06	1.352740e-09	-1.105655e-09	1.141412e+01	-1.291241e+02
2.800000e-06	1.379689e-09	-1.072374e-09	1.164151e+01	-1.254213e+02
2.810000e-06	1.406575e-09	-1.038442e-09	1.186837e+01	-1.216881e+02
2.820000e-06	1.433402e-09	-1.001826e-09	1.209474e+01	-1.179199e+02
2.830000e-06	1.460166e-09	-9.685314e-10	1.232056e+01	-1.141111e+02
2.840000e-06	1.486877e-09	-9.373155e-10	1.254594e+01	-1.102557e+02
2.850000e-06	1.513531e-09	-9.055358e-10	1.277084e+01	-1.063481e+02
2.860000e-06	1.540126e-09	-8.710031e-10	1.299525e+01	-1.023836e+02
2.870000e-06	1.566659e-09	-8.331713e-10	1.321913e+01	-9.835868e+01
2.880000e-06	1.593128e-09	-7.963037e-10	1.344247e+01	-9.427162e+01
2.890000e-06	1.619525e-09	-7.603198e-10	1.366520e+01	-9.012225e+01
2.900000e-06	1.645828e-09	-7.245647e-10	1.388714e+01	-8.591189e+01
2.910000e-06	1.672044e-09	-6.872290e-10	1.410835e+01	-8.164292e+01
2.920000e-06	1.698171e-09	-6.517386e-10	1.432880e+01	-7.731831e+01
2.930000e-06	1.724208e-09	-6.182146e-10	1.454849e+01	-7.294113e+01
2.940000e-06	1.750153e-09	-5.805734e-10	1.476741e+01	-6.851405e+01
2.950000e-06	1.776007e-09	-5.384864e-10	1.498556e+01	-6.403893e+01
2.960000e-06	1.801770e-09	-4.974951e-10	1.520295e+01	-5.951662e+01
2.970000e-06	1.827451e-09	-4.623106e-10	1.541963e+01	-5.494684e+01
2.980000e-06	1.853061e-09	-4.284868e-10	1.563573e+01	-5.032823e+01
2.990000e-06	1.878602e-09	-3.910762e-10	1.585124e+01	-4.565855e+01
3.000000e-06	1.904068e-09	-3.483125e-10	1.606611e+01	-4.093493e+01
3.010000e-06	1.929445e-09	-3.047434e-10	1.628024e+01	-3.615413e+01
3.020000e-06	1.954739e-09	-2.622820e-10	1.649367e+01	-3.131284e+01
3.030000e-06	1.979958e-09	-2.195368e-10	1.670646e+01	-2.640785e+01
3.040000e-06	2.005094e-09	-1.795881e-10	1.691855e+01	-2.143616e+01
3.050000e-06	2.030162e-09	-1.419190e-10	1.713007e+01	-1.639506e+01
3.060000e-06	2.055161e-09	-1.057124e-10	1.734101e+01	-1.128203e+01
3.070000e-06	2.080071e-09	-6.681424e-11	1.755119e+01	-6.094775e+00
3.080000e-06	2.104890e-09	-2.244164e-11	1.776061e+01	-8.310663e-01
3.090000e-06	2.129606e-09	2.440740e-11	1.796916e+01	4.511230e+00
3.100000e-06	2.154201e-09	7.170114e-11	1.817669e+01	9.934144e+00
3.110000e-06	2.178676e-09	1.195637e-10	1.838320e+01	1.543950e+01
3.120000e-06	2.203043e-09	1.677481e-10	1.858880e+01	2.102874e+01
3.130000e-06	2.227288e-09	2.140751e-10	1.879337e+01	2.670277e+01
3.140000e-06	2.251417e-09	2.594500e-10	1.899698e+01	3.246171e+01
3.150000e-06	2.275453e-09	3.067256e-10	1.919978e+01	3.830477e+01
3.160000e-06	2.299407e-09	3.581294e-10	1.940190e+01	4.423021e+01
3.170000e-06	2.323268e-09	4.111756e-10	1.960323e+01	5.023539e+01
3.180000e-06	2.347016e-09	4.623138e-10	1.980362e+01	5.631698e+01
3.190000e-06	2.370655e-09	5.127178e-10	2.000308e+01	6.247125e+01
3.200000e-06	2.394194e-09	5.639830e-10	2.020169e+01	6.869453e+01
3.210000e-06	2.417632e-09	6.154852e-10	2.039946e+01	7.498364e+01
3.220000e-06	2.440942e-09	6.668117e-10	2.059615e+01	8.133627e+01
3.230000e-06	2.464107e-09	7.203935e-10	2.079160e+01	8.775138e+01
3.240000e-06	2.487125e-09	7.762916e-10	2.098583e+01	9.422924e+01
3.250000e-06	2.509992e-09	8.331151e-10	2.117877e+01	1.007715e+02
3.260000e-06	2.532720e-09	8.904731e-10	2.137055e+01	1.073807e+02
3.270000e-06	2.555324e-09	9.474027e-10	2.156128e+01	1.140601e+02
3.280000e-06	2.577819e-09	1.003780e-09	2.175108e+01	1.208128e+02
3.290000e-06	2.600209e-09	1.058895e-09	2.194001e+01	1.276412e+02
3.300000e-06	2.622496e-09	1.115408e-09	2.212806e+01	1.345459e+02
3.310000e-06	2.644678e-09	1.176144e-09	2.231523e+01	1.415257e+02
3.320000e-06	2.666747e-09	1.240874e-09	2.250144e+01	1.485770e+02
3.330000e-06	2.688701e-09	1.306431e-09	2.268669e+01	1.556933e+02
3.340000e-06	2.710552e-09	1.367628e-09	2.287106e+01	1.628660e+02
3.350000e-06	2.732302e-09	1.424645e-09	2.305457e+01	1.700842e+02
3.360000e-06	2.753940e-09	1.482240e-09	2.323715e+01	1.773359e+02
3.370000e-06	2.775443e-09	1.542066e-09	2.341859e+01	1.846085e+02
3.380000e-06	2.796782e-09	1.602907e-09	2.359865e+01	1.918897e+02
3.390000e-06	2.817954e-09	1.666808e-09	2.377729e+01	1.991682e+02
3.400000e-06	2.838982e-09	1.732997e-09	2.395472e+01	2.064346e+02
3.410000e-06	2.859886e-09	1.797962e-09	2.413111e+01	2.136810e+02
3.420000e-06	2.880667e-09	1.860957e-09	2.430645e+01	2.209020e+02
3.430000e-06	2.901331e-09	1.920764e-09	2.448081e+01	2.280934e+02
3.440000e-06	2.921866e-09	1.979814e-09	2.465408e+01	2.352523e+02
3.450000e-06	2.942260e-09	2.041946e-09	2.482616e+01	2.423762e+02
3.460000e-06	2.962537e-09	2.105714e-09	2.499725e+01	2.494619e+02
3.470000e-06	2.982702e-09	2.168451e-09	2.516740e+01	2.565054e+02
3.480000e-06	3.002747e-09	2.226751e-09	2.533654e+01	2.635007e+02
3.490000e-06	3.022654e-09	2.280263e-09	2.550451e+01	2.704397e+02
3.500000e-06	3.042382e-09	2.335156e-09	2.567097e+01	2.773125e+02
3.510000e-06	3.061914e-09	2.395020e-09	2.583578e+01	2.841074e+02
3.520000e-06	3.081290e-09	2.456517e-09	2.599926e+01	2.908117e+02
3.530000e-06	3.100535e-09	2.516185e-09	2.616165e+01	2.974127e+02
3.540000e-06	3.119655e-09	2.575221e-09	2.632298e+01	3.038982e+02
3.550000e-06	3.138643e-09	2.630732e-09	2.648320e+01	3.102580e+02
3.560000e-06	3.157488e-09	2.681308e-09	2.664221e+01	3.164842e+02
3.570000e-06	3.176204e-09	2.727667e-09	2.680013e+01	3.225718e+02
3.580000e-06	3.194809e-09	2.771960e-09	2.695712e+01	3.285188e+02
3.590000e-06	3.213295e-09	2.817555e-09	2.711309e+01	3.343263e+02
3.600000e-06	3.231626e-09	2.864639e-09	2.726777e+01	3.399975e+02
3.610000e-06	3.249760e-09	2.914617e-09	2.742078e+01	3.455373e+02
3.620000e-06	3.267700e-09	2.963285e-09	2.757215e+01	3.509509e+02
3.630000e-06	3.285490e-09	3.009228e-09	2.772227e+01	3.562436e+02
3.640000e-06	3.303152e-09	3.054308e-09	2.787129e+01	3.614191e+02
3.650000e-06	3.320686e-09	3.096185e-09	2.801924e+01	3.664796e+02
3.660000e-06	3.338083e-09	3.135401e-09	2.816603e+01	3.714250e+02
3.670000e-06	3.355331e-09	3.173731e-09	2.831156e+01	3.762533e+02
3.680000e-06	3.372441e-09	3.213734e-09	2.845594e+01	3.809607e+02
3.690000e-06	3.389433e-09	3.254584e-09	2.859931e+01	3.855423e+02
3.700000e-06	3.406308e-09	3.294356e-09	2.874170e+01	3.899927e+02
3.710000e-06	3.423032e-09	3.330563e-09	2.888282e+01	3.943072e+02
3.720000e-06	3.439580e-09	3.360140e-09	2.902245e+01	3.984821e+02
3.730000e-06	3.455970e-09	3.391221e-09	2.916074e+01	4.025158e+02
3.740000e-06	3.472218e-09	3.423237e-09	2.929783e+01	4.064086e+02
3.750000e-06	3.488298e-09	3.455702e-09	2.943352e+01	4.101634e+02
3.760000e-06	3.504192e-09	3.487371e-09	2.956763e+01	4.137849e+02
3.770000e-06	3.519919e-09	3.516230e-09	2.970032e+01	4.172795e+02
3.780000e-06	3.535488e-09	3.544750e-09	2.983170e+01	4.206549e+02
3.790000e-06	3.550911e-09	3.568518e-09	2.996183e+01	4.239190e+02
3.800000e-06	3.566172e-09	3.589669e-09	3.009060e+01	4.270796e+02
3.810000e-06	3.581215e-09	3.609191e-09	3.021753e+01	4.301436e+02
3.820000e-06	3.596032e-09	3.631948e-09	3.034255e+01	4.331171e+02
3.830000e-06	3.610670e-09	3.659689e-09	3.046606e+01	4.360048e+02
3.840000e-06	3.625160e-09	3.688211e-09	3.058833e+01	4.388104e+02
3.850000e-06	3.639498e-09	3.714213e-09	3.070931e+01	4.415365e+02
3.860000e-06	3.653672e-09	3.733478e-09	3.082890e+01	4.441850e+02
3.870000e-06	3.667677e-09	3.749118e-09	3.094708e+01	4.467577e+02
3.880000e-06	3.681528e-09	3.762480e-09	3.106395e+01	4.492559e+02
3.890000e-06	3.695250e-09	3.777829e-09	3.117973e+01	4.516814e+02
3.900000e-06	3.708839e-09	3.796904e-09	3.129439e+01	4.540356e+02
3.910000e-06	3.722231e-09	3.819611e-09	3.140739e+01	4.563204e+02
3.920000e-06	3.735381e-09	3.847239e-09	3.151835e+01	4.585373e+02
3.930000e-06	3.748349e-09	3.875662e-09	3.162777e+01	4.606874e+02
3.940000e-06	3.761175e-09	3.897447e-09	3.173599e+01	4.627714e+02
3.950000e-06	3.773850e-09	3.908743e-09	3.184294e+01	4.647892e+02
3.960000e-06	3.786363e-09	3.916304e-09	3.194852e+01	4.667401e+02
3.970000e-06	3.798704e-09	3.926551e-09	3.205265e+01	4.686230e+02
3.980000e-06	3.810910e-09	3.942426e-09	3.215565e+01	4.704367e+02
3.990000e-06	3.823002e-09	3.962966e-09	3.225768e+01	4.721803e+02
4.000000e-06	3.834899e-09	3.984693e-09	3.235806e+01	4.738540e+02
4.010000e-06	3.846528e-09	4.005482e-09	3.245619e+01	4.754591e+02
4.020000e-06	3.857947e-09	4.022963e-09	3.255254e+01	4.769988e+02
4.030000e-06	3.869230e-09	4.036133e-09	3.264774e+01	4.784782e+02
4.040000e-06	3.880360e-09	4.044899e-09	3.274165e+01	4.799040e+02
4.050000e-06	3.891312e-09	4.055237e-09	3.283406e+01	4.812844e+02
4.060000e-06	3.902088e-09	4.069717e-09	3.292499e+01	4.826283e+02
4.070000e-06	3.912682e-09	4.085165e-09	3.301438e+01	4.839446e+02
4.080000e-06	3.923063e-09	4.101388e-09	3.310197e+01	4.852411e+02
4.090000e-06	3.933188e-09	4.114321e-09	3.318740e+01	4.865240e+02
4.100000e-06	3.943068e-09	4.125847e-09	3.327077e+01	4.877968e+02
4.110000e-06	3.952768e-09	4.135860e-09	3.335261e+01	4.890604e+02
4.120000e-06	3.962316e-09	4.144167e-09	3.343318e+01	4.903126e+02
4.130000e-06	3.971692e-09	4.154938e-09	3.351230e+01	4.915488e+02
4.140000e-06	3.980890e-09	4.168888e-09	3.358990e+01	4.927624e+02
4.150000e-06	3.989929e-09	4.184900e-09	3.366617e+01	4.939459e+02
4.160000e-06	3.998832e-09	4.198817e-09	3.374130e+01	4.950919e+02
4.170000e-06	4.007556e-09	4.211785e-09	3.381490e+01	4.961944e+02
4.180000e-06	4.016024e-09	4.224507e-09	3.388635e+01	4.972493e+02
4.190000e-06	4.024271e-09	4.233253e-09	3.395594e+01	4.982557e+02
4.200000e-06	4.032362e-09	4.238759e-09	3.402421e+01	4.992154e+02
4.210000e-06	4.040291e-09	4.244420e-09	3.409112e+01	5.001334e+02
4.220000e-06	4.048052e-09	4.250337e-09	3.415660e+01	5.010167e+02
4.230000e-06	4.055630e-09	4.259375e-09	3.422054e+01	5.018739e+02
4.240000e-06	4.063042e-09	4.271198e-09	3.428308e+01	5.027137e+02
4.250000e-06	4.070317e-09	4.282628e-09	3.434447e+01	5.035439e+02
4.260000e-06	4.077400e-09	4.293236e-09	3.440424e+01	5.043703e+02
4.270000e-06	4.084233e-09	4.300577e-09	3.446189e+01	5.051959e+02
4.280000e-06	4.090850e-09	4.304808e-09	3.451772e+01	5.060206e+02
4.290000e-06	4.097309e-09	4.306569e-09	3.457222e+01	5.068412e+02
4.300000e-06	4.103611e-09	4.309342e-09	3.462540e+01	5.076520e+02
4.310000e-06	4.109742e-09	4.316140e-09	3.467713e+01	5.084456e+02
4.320000e-06	4.115694e-09	4.326432e-09	3.472736e+01	5.092142e+02
4.330000e-06	4.121484e-09	4.339093e-09	3.477621e+01	5.099507e+02
4.340000e-06	4.127132e-09	4.350918e-09	3.482387e+01	5.106497e+02
4.350000e-06	4.132569e-09	4.360633e-09	3.486974e+01	5.113087e+02
4.360000e-06	4.137737e-09	4.364552e-09	3.491334e+01	5.119279e+02
4.370000e-06	4.142689e-09	4.363898e-09	3.495513e+01	5.125107e+02
4.380000e-06	4.147466e-09	4.364383e-09	3.499544e+01	5.130628e+02
4.390000e-06	4.152073e-09	4.369113e-09	3.503431e+01	5.135913e+02
4.400000e-06	4.156503e-09	4.377538e-09	3.507169e+01	5.141036e+02
4.410000e-06	4.160759e-09	4.385127e-09	3.510760e+01	5.146061e+02
4.420000e-06	4.164875e-09	4.390828e-09	3.514233e+01	5.151029e+02
4.430000e-06	4.168842e-09	4.395230e-09	3.517580e+01	5.155952e+02
4.440000e-06	4.172607e-09	4.397537e-09	3.520758e+01	5.160809e+02
4.450000e-06	4.176163e-09	4.397946e-09	3.523757e+01	5.165546e+02
4.460000e-06	4.179516e-09	4.399142e-09	3.526587e+01	5.170084e+02
4.470000e-06	4.182654e-09	4.402864e-09	3.529235e+01	5.174331e+02
4.480000e-06	4.185584e-09	4.406076e-09	3.531707e+01	5.178198e+02
4.490000e-06	4.188325e-09	4.408113e-09	3.534020e+01	5.181610e+02
4.500000e-06	4.190882e-09	4.409966e-09	3.536177e+01	5.184524e+02
4.510000e-06	4.193219e-09	4.411735e-09	3.538149e+01	5.186937e+02
4.520000e-06	4.195289e-09	4.414296e-09	3.539896e+01	5.188895e+02
4.530000e-06	4.197131e-09	4.415620e-09	3.541450e+01	5.190484e+02
4.540000e-06	4.198808e-09	4.415032e-09	3.542866e+01	5.191829e+02
4.550000e-06	4.200318e-09	4.414939e-09	3.544140e+01	5.193076e+02
4.560000e-06	4.201641e-09	4.416593e-09	3.545255e+01	5.194377e+02
4.570000e-06	4.202774e-09	4.417744e-09	3.546212e+01	5.195865e+02
4.580000e-06	4.203756e-09	4.418637e-09	3.547041e+01	5.197639e+02
4.590000e-06	4.204598e-09	4.422213e-09	3.547750e+01	5.199750e+02
4.600000e-06	4.205210e-09	4.426784e-09	3.548267e+01	5.202182e+02
4.610000e-06	4.205561e-09	4.431648e-09	3.548563e+01	5.204861e+02
4.620000e-06	4.205716e-09	4.439292e-09	3.548694e+01	5.207651e+02
4.630000e-06	4.205706e-09	4.444233e-09	3.548685e+01	5.210372e+02
4.640000e-06	4.205526e-09	4.446965e-09	3.548534e+01	5.212819e+02
4.650000e-06	4.205171e-09	4.449191e-09	3.548234e+01	5.214783e+02
4.660000e-06	4.204642e-09	4.446436e-09	3.547788e+01	5.216080e+02
4.670000e-06	4.203981e-09	4.441952e-09	3.547230e+01	5.216569e+02
4.680000e-06	4.203164e-09	4.447207e-09	3.546541e+01	5.216173e+02
4.690000e-06	4.202114e-09	4.473002e-09	3.545655e+01	5.214892e+02
4.700000e-06	4.200843e-09	4.472305e-09	3.544582e+01	5.212802e+02
4.710000e-06	4.199406e-09	4.365563e-09	3.543370e+01	5.210049e+02
4.720000e-06	4.197713e-09	4.377738e-09	3.541941e+01	5.206839e+02
4.730000e-06	4.195653e-09	4.546265e-09	3.540203e+01	5.203412e+02
4.740000e-06	4.193385e-09	4.455541e-09	3.538289e+01	5.200020e+02
4.750000e-06	4.191133e-09	4.315264e-09	3.536390e+01	5.196897e+02
4.760000e-06	4.188753e-09	4.353485e-09	3.534381e+01	5.194242e+02
4.770000e-06	4.185971e-09	4.531414e-09	3.532034e+01	5.192191e+02
4.780000e-06	4.182866e-09	4.439130e-09	3.529414e+01	5.190811e+02
4.790000e-06	4.179706e-09	4.255165e-09	3.526747e+01	5.190091e+02
4.800000e-06	4.176471e-09	4.401700e-09	3.524018e+01	5.189950e+02
4.810000e-06	4.172925e-09	4.525470e-09	3.521026e+01	5.190243e+02
4.820000e-06	4.169139e-09	4.436308e-09	3.517831e+01	5.190787e+02
4.830000e-06	4.165295e-09	4.287235e-09	3.514588e+01	5.191374e+02
4.840000e-06	4.161345e-09	4.447733e-09	3.511254e+01	5.191797e+02
4.850000e-06	4.157096e-09	4.552272e-09	3.507670e+01	5.191874e+02
4.860000e-06	4.152572e-09	4.368578e-09	3.503852e+01	5.191458e+02
4.870000e-06	4.147934e-09	4.319950e-09	3.499939e+01	5.190456e+02
4.880000e-06	4.143112e-09	4.484799e-09	3.495870e+01	5.188829e+02
4.890000e-06	4.138062e-09	4.515563e-09	3.491609e+01	5.186592e+02
4.900000e-06	4.132872e-09	4.337542e-09	3.487230e+01	5.183808e+02
4.910000e-06	4.127555e-09	4.381302e-09	3.482743e+01	5.180575e+02
4.920000e-06	4.121971e-09	4.529739e-09	3.478032e+01	5.177009e+02
4.930000e-06	4.116147e-09	4.417801e-09	3.473118e+01	5.173233e+02
4.940000e-06	4.110212e-09	4.329034e-09	3.468110e+01	5.169363e+02
4.950000e-06	4.104059e-09	4.453175e-09	3.462918e+01	5.165491e+02
4.960000e-06	4.097623e-09	4.506336e-09	3.457488e+01	5.161688e+02
4.970000e-06	4.091019e-09	4.337944e-09	3.451915e+01	5.157990e+02
4.980000e-06	4.084321e-09	4.370791e-09	3.446264e+01	5.154410e+02
4.990000e-06	4.077442e-09	4.497619e-09	3.440459e+01	5.150935e+02
5.000000e-06	4.070360e-09	4.391889e-09	3.434484e+01	5.147537e+02
5.010000e-06	4.063136e-09	4.315582e-09	3.428389e+01	5.144179e+02
5.020000e-06	4.055686e-09	4.432205e-09	3.422102e+01	5.140826e+02
5.030000e-06	4.047971e-09	4.456286e-09	3.415592e+01	5.137447e+02
5.040000e-06	4.040090e-09	4.321738e-09	3.408943e+01	5.134024e+02
5.050000e-06	4.032080e-09	4.378234e-09	3.402184e+01	5.130547e+02
5.060000e-06	4.023872e-09	4.435880e-09	3.395258e+01	5.127019e+02
5.070000e-06	4.015488e-09	4.348915e-09	3.388184e+01	5.123449e+02
5.080000e-06	4.006986e-09	4.341158e-09	3.381010e+01	5.119849e+02
5.090000e-06	3.998325e-09	4.407810e-09	3.373702e+01	5.116227e+02
5.100000e-06	3.989473e-09	4.377910e-09	3.366233e+01	5.112585e+02
5.110000e-06	3.980443e-09	4.333560e-09	3.358613e+01	5.108914e+02
5.120000e-06	3.971221e-09	4.398081e-09	3.350833e+01	5.105193e+02
5.130000e-06	3.961793e-09	4.374806e-09	3.342877e+01	5.101394e+02
5.140000e-06	3.952165e-09	4.324616e-09	3.334753e+01	5.097475e+02
5.150000e-06	3.942328e-09	4.350313e-09	3.326453e+01	5.093397e+02
5.160000e-06	3.932302e-09	4.348171e-09	3.317993e+01	5.089118e+02
5.170000e-06	3.922102e-09	4.327355e-09	3.309387e+01	5.084606e+02
5.180000e-06	3.911670e-09	4.326524e-09	3.300584e+01	5.079841e+02
5.190000e-06	3.900963e-09	4.333831e-09	3.291550e+01	5.074816e+02
5.200000e-06	3.890034e-09	4.316624e-09	3.282329e+01	5.069544e+02
5.210000e-06	3.878950e-09	4.327330e-09	3.272976e+01	5.064051e+02
5.220000e-06	3.867717e-09	4.318516e-09	3.263498e+01	5.058378e+02
5.230000e-06	3.856328e-09	4.303721e-09	3.253888e+01	5.052575e+02
5.240000e-06	3.844756e-09	4.312089e-09	3.244124e+01	5.046695e+02
5.250000e-06	3.833019e-09	4.284910e-09	3.234221e+01	5.040789e+02
5.260000e-06	3.821170e-09	4.286692e-09	3.224223e+01	5.034903e+02
5.270000e-06	3.809160e-09	4.298174e-09	3.214089e+01	5.029065e+02
5.280000e-06	3.796921e-09	4.285407e-09	3.203762e+01	5.023294e+02
5.290000e-06	3.784458e-09	4.278541e-09	3.193246e+01	5.017588e+02
5.300000e-06	3.771834e-09	4.297209e-09	3.182594e+01	5.011931e+02
5.310000e-06	3.759069e-09	4.284589e-09	3.171823e+01	5.006290e+02
5.320000e-06	3.746121e-09	4.258484e-09	3.160898e+01	5.000624e+02
5.330000e-06	3.732992e-09	4.272211e-09	3.149820e+01	4.994885e+02
5.340000e-06	3.719707e-09	4.260401e-09	3.138610e+01	4.989026e+02
5.350000e-06	3.706285e-09	4.251452e-09	3.127285e+01	4.983001e+02
5.360000e-06	3.692696e-09	4.262481e-09	3.115819e+01	4.976775e+02
5.370000e-06	3.678886e-09	4.260819e-09	3.104166e+01	4.970322e+02
5.380000e-06	3.664839e-09	4.253071e-09	3.092314e+01	4.963633e+02
5.390000e-06	3.650606e-09	4.253400e-09	3.080305e+01	4.956710e+02
5.400000e-06	3.636234e-09	4.245719e-09	3.068178e+01	4.949567e+02
5.410000e-06	3.621701e-09	4.231968e-09	3.055915e+01	4.942230e+02
5.420000e-06	3.607008e-09	4.233109e-09	3.043517e+01	4.934730e+02
5.430000e-06	3.592164e-09	4.224396e-09	3.030992e+01	4.927102e+02
5.440000e-06	3.577149e-09	4.223799e-09	3.018323e+01	4.919379e+02
5.450000e-06	3.561949e-09	4.220579e-09	3.005497e+01	4.911586e+02
5.460000e-06	3.546530e-09	4.210297e-09	2.992487e+01	4.903741e+02
5.470000e-06	3.530890e-09	4.207677e-09	2.979291e+01	4.895849e+02
5.480000e-06	3.515098e-09	4.199730e-09	2.965965e+01	4.887903e+02
5.490000e-06	3.499183e-09	4.195091e-09	2.952537e+01	4.879882e+02
5.500000e-06	3.483118e-09	4.189260e-09	2.938981e+01	4.871757e+02
5.510000e-06	3.466908e-09	4.185069e-09	2.925304e+01	4.863488e+02
5.520000e-06	3.450552e-09	4.177463e-09	2.911503e+01	4.855033e+02
5.530000e-06	3.434055e-09	4.173590e-09	2.897583e+01	4.846353e+02
5.540000e-06	3.417418e-09	4.168228e-09	2.883545e+01	4.837412e+02
5.550000e-06	3.400625e-09	4.159753e-09	2.869376e+01	4.828188e+02
5.560000e-06	3.383648e-09	4.158626e-09	2.855051e+01	4.818669e+02
5.570000e-06	3.366470e-09	4.152288e-09	2.840556e+01	4.808863e+02
5.580000e-06	3.349109e-09	4.147609e-09	2.825907e+01	4.798795e+02
5.590000e-06	3.331600e-09	4.140055e-09	2.811134e+01	4.788503e+02
5.600000e-06	3.313964e-09	4.130710e-09	2.796253e+01	4.778040e+02
5.610000e-06	3.296181e-09	4.119507e-09	2.781248e+01	4.767466e+02
5.620000e-06	3.278261e-09	4.106464e-09	2.766128e+01	4.756846e+02
5.630000e-06	3.260210e-09	4.098411e-09	2.750896e+01	4.746238e+02
5.640000e-06	3.242017e-09	4.091552e-09	2.735546e+01	4.735692e+02
5.650000e-06	3.223699e-09	4.086390e-09	2.720089e+01	4.725243e+02
5.660000e-06	3.205260e-09	4.080140e-09	2.704530e+01	4.714911e+02
5.670000e-06	3.186672e-09	4.075590e-09	2.688846e+01	4.704692e+02
5.680000e-06	3.167910e-09	4.067082e-09	2.673016e+01	4.694568e+02
5.690000e-06	3.148970e-09	4.054675e-09	2.657035e+01	4.684504e+02
5.700000e-06	3.129882e-09	4.039367e-09	2.640929e+01	4.674455e+02
5.710000e-06	3.110683e-09	4.025764e-09	2.624728e+01	4.664372e+02
5.720000e-06	3.091356e-09	4.017609e-09	2.608421e+01	4.654208e+02
5.730000e-06	3.071887e-09	4.009533e-09	2.591994e+01	4.643923e+02
5.740000e-06	3.052283e-09	4.005916e-09	2.575452e+01	4.633494e+02
5.750000e-06	3.032559e-09	4.000419e-09	2.558810e+01	4.622912e+02
5.760000e-06	3.012729e-09	3.995991e-09	2.542078e+01	4.612185e+02
5.770000e-06	2.992764e-09	3.987611e-09	2.525231e+01	4.601339e+02
5.780000e-06	2.972627e-09	3.972786e-09	2.508240e+01	4.590410e+02
5.790000e-06	2.952312e-09	3.957629e-09	2.491098e+01	4.579439e+02
5.800000e-06	2.931840e-09	3.944038e-09	2.473824e+01	4.568470e+02
5.810000e-06	2.911222e-09	3.936506e-09	2.456428e+01	4.557538e+02
5.820000e-06	2.890467e-09	3.925469e-09	2.438915e+01	4.546664e+02
5.830000e-06	2.869587e-09	3.916305e-09	2.421297e+01	4.535855e+02
5.840000e-06	2.848580e-09	3.907172e-09	2.403572e+01	4.525099e+02
5.850000e-06	2.827461e-09	3.897171e-09	2.385752e+01	4.514367e+02
5.860000e-06	2.806234e-09	3.889046e-09	2.367841e+01	4.503618e+02
5.870000e-06	2.784898e-09	3.877632e-09	2.349838e+01	4.492801e+02
5.880000e-06	2.763459e-09	3.869673e-09	2.331748e+01	4.481867e+02
5.890000e-06	2.741917e-09	3.860807e-09	2.313572e+01	4.470774e+02
5.900000e-06	2.720268e-09	3.850263e-09	2.295305e+01	4.459491e+02
5.910000e-06	2.698489e-09	3.835092e-09	2.276928e+01	4.448007e+02
5.920000e-06	2.676597e-09	3.819076e-09	2.258456e+01	4.436330e+02
5.930000e-06	2.654578e-09	3.806943e-09	2.239877e+01	4.424485e+02
5.940000e-06	2.632419e-09	3.796309e-09	2.221180e+01	4.412516e+02
5.950000e-06	2.610125e-09	3.790100e-09	2.202368e+01	4.400471e+02
5.960000e-06	2.587681e-09	3.786911e-09	2.183431e+01	4.388404e+02
5.970000e-06	2.565106e-09	3.785209e-09	2.164382e+01	4.376357e+02
5.980000e-06	2.542400e-09	3.777699e-09	2.145224e+01	4.364359e+02
5.990000e-06	2.519569e-09	3.763114e-09	2.125959e+01	4.352419e+02
6.000000e-06	2.496613e-09	3.744817e-09	2.106590e+01	4.340521e+02
6.010000e-06	2.473534e-09	3.727579e-09	2.087116e+01	4.328626e+02
6.020000e-06	2.450333e-09	3.714020e-09	2.067539e+01	4.316675e+02
6.030000e-06	2.426992e-09	3.704297e-09	2.047845e+01	4.304599e+02
6.040000e-06	2.403506e-09	3.701313e-09	2.028027e+01	4.292324e+02
6.050000e-06	2.379885e-09	3.703325e-09	2.008097e+01	4.279784e+02
6.060000e-06	2.356142e-09	3.703240e-09	1.988063e+01	4.266928e+02
6.070000e-06	2.332297e-09	3.693024e-09	1.967943e+01	4.253734e+02
6.080000e-06	2.308368e-09	3.674266e-09	1.947753e+01	4.240206e+02
6.090000e-06	2.284337e-09	3.651415e-09	1.927476e+01	4.226382e+02
6.100000e-06	2.260206e-09	3.631606e-09	1.907115e+01	4.212325e+02
6.110000e-06	2.235986e-09	3.616654e-09	1.886678e+01	4.198124e+02
6.120000e-06	2.211673e-09	3.607402e-09	1.866163e+01	4.183875e+02
6.130000e-06	2.187272e-09	3.605388e-09	1.845574e+01	4.169677e+02
6.140000e-06	2.162783e-09	3.604267e-09	1.824911e+01	4.155614e+02
6.150000e-06	2.138204e-09	3.599120e-09	1.804172e+01	4.141746e+02
6.160000e-06	2.113533e-09	3.584901e-09	1.783355e+01	4.128102e+02
6.170000e-06	2.088775e-09	3.564129e-09	1.762464e+01	4.114671e+02
6.180000e-06	2.063918e-09	3.544999e-09	1.741491e+01	4.101406e+02
6.190000e-06	2.038947e-09	3.531020e-09	1.720421e+01	4.088226e+02
6.200000e-06	2.013854e-09	3.522260e-09	1.699248e+01	4.075024e+02
6.210000e-06	1.988648e-09	3.516890e-09	1.677980e+01	4.061679e+02
6.220000e-06	1.963337e-09	3.512326e-09	1.656622e+01	4.048072e+02
6.230000e-06	1.937924e-09	3.505680e-09	1.635180e+01	4.034094e+02
6.240000e-06	1.912425e-09	3.496355e-09	1.613664e+01	4.019663e+02
6.250000e-06	1.886849e-09	3.477696e-09	1.592084e+01	4.004732e+02
6.260000e-06	1.861205e-09	3.455518e-09	1.570446e+01	3.989293e+02
6.270000e-06	1.835481e-09	3.439123e-09	1.548741e+01	3.973378e+02
6.280000e-06	1.809676e-09	3.425269e-09	1.526966e+01	3.957056e+02
6.290000e-06	1.783805e-09	3.416556e-09	1.505137e+01	3.940424e+02
6.300000e-06	1.757875e-09	3.408125e-09	1.483258e+01	3.923598e+02
6.310000e-06	1.731880e-09	3.397644e-09	1.461324e+01	3.906698e+02
6.320000e-06	1.705808e-09	3.382319e-09	1.439325e+01	3.889839e+02
6.330000e-06	1.679670e-09	3.364253e-09	1.417270e+01	3.873117e+02
6.340000e-06	1.653465e-09	3.346574e-09	1.395159e+01	3.856601e+02
6.350000e-06	1.627199e-09	3.327905e-09	1.372996e+01	3.840331e+02
6.360000e-06	1.600871e-09	3.312748e-09	1.350781e+01	3.824309e+02
6.370000e-06	1.574457e-09	3.299874e-09	1.328494e+01	3.808509e+02
6.380000e-06	1.547964e-09	3.290105e-09	1.306140e+01	3.792878e+02
6.390000e-06	1.521405e-09	3.276934e-09	1.283730e+01	3.777347e+02
6.400000e-06	1.494759e-09	3.259804e-09	1.261246e+01	3.761835e+02
6.410000e-06	1.468017e-09	3.242817e-09	1.238682e+01	3.746263e+02
6.420000e-06	1.441197e-09	3.227991e-09	1.216052e+01	3.730558e+02
6.430000e-06	1.414301e-09	3.214356e-09	1.193357e+01	3.714663e+02
6.440000e-06	1.387334e-09	3.198969e-09	1.170603e+01	3.698536e+02
6.450000e-06	1.360298e-09	3.187086e-09	1.147791e+01	3.682156e+02
6.460000e-06	1.333194e-09	3.174313e-09	1.124921e+01	3.665521e+02
6.470000e-06	1.306045e-09	3.159628e-09	1.102013e+01	3.648643e+02
6.480000e-06	1.278860e-09	3.140622e-09	1.079076e+01	3.631545e+02
6.490000e-06	1.251640e-09	3.119943e-09	1.056107e+01	3.614257e+02
6.500000e-06	1.224375e-09	3.104923e-09	1.033102e+01	3.596812e+02
6.510000e-06	1.197050e-09	3.093992e-09	1.010046e+01	3.579242e+02
6.520000e-06	1.169672e-09	3.085413e-09	9.869445e+00	3.561572e+02
6.530000e-06	1.142244e-09	3.073291e-09	9.638018e+00	3.543825e+02
6.540000e-06	1.114781e-09	3.057120e-09	9.406287e+00	3.526017e+02
6.550000e-06	1.087272e-09	3.037593e-09	9.174171e+00	3.508159e+02
6.560000e-06	1.059719e-09	3.016881e-09	8.941686e+00	3.490259e+02
6.570000e-06	1.032118e-09	2.996429e-09	8.708793e+00	3.472321e+02
6.580000e-06	1.004461e-09	2.978552e-09	8.475433e+00	3.454352e+02
6.590000e-06	9.767594e-10	2.966853e-09	8.241693e+00	3.436354e+02
6.600000e-06	9.489982e-10	2.958280e-09	8.007449e+00	3.418333e+02
6.610000e-06	9.211834e-10	2.947494e-09	7.772754e+00	3.400289e+02
6.620000e-06	8.933220e-10	2.927853e-09	7.537666e+00	3.382224e+02
6.630000e-06	8.654153e-10	2.905385e-09	7.302195e+00	3.364134e+02
6.640000e-06	8.374635e-10	2.885282e-09	7.066344e+00	3.346009e+02
6.650000e-06	8.094596e-10	2.868769e-09	6.830053e+00	3.327833e+02
6.660000e-06	7.814116e-10	2.856215e-09	6.593390e+00	3.309584e+02
6.670000e-06	7.533331e-10	2.845932e-09	6.356470e+00	3.291232e+02
6.680000e-06	7.252188e-10	2.836537e-09	6.119248e+00	3.272744e+02
6.690000e-06	6.970680e-10	2.821699e-09	5.881718e+00	3.254083e+02
6.700000e-06	6.688941e-10	2.802579e-09	5.643993e+00	3.235210e+02
6.710000e-06	6.406821e-10	2.782607e-09	5.405946e+00	3.216091e+02
6.720000e-06	6.124299e-10	2.762917e-09	5.167560e+00	3.196696e+02
6.730000e-06	5.841542e-10	2.742834e-09	4.928976e+00	3.177003e+02
6.740000e-06	5.558466e-10	2.725713e-09	4.690122e+00	3.157001e+02
6.750000e-06	5.275153e-10	2.711728e-09	4.451068e+00	3.136686e+02
6.760000e-06	4.991575e-10	2.698416e-09	4.211791e+00	3.116068e+02
6.770000e-06	4.707676e-10	2.686550e-09	3.972244e+00	3.095163e+02
6.780000e-06	4.423556e-10	2.669486e-09	3.732509e+00	3.073997e+02
6.790000e-06	4.139078e-10	2.649435e-09	3.492473e+00	3.052600e+02
6.800000e-06	3.854377e-10	2.627782e-09	3.252248e+00	3.031004e+02
6.810000e-06	3.569556e-10	2.604569e-09	3.011922e+00	3.009241e+02
6.820000e-06	3.284474e-10	2.581785e-09	2.771376e+00	2.987338e+02
6.830000e-06	2.999124e-10	2.560530e-09	2.530604e+00	2.965318e+02
6.840000e-06	2.713660e-10	2.543108e-09	2.289735e+00	2.943196e+02
6.850000e-06	2.428080e-10	2.527393e-09	2.048768e+00	2.920976e+02
6.860000e-06	2.142301e-10	2.513476e-09	1.807634e+00	2.898653e+02
6.870000e-06	1.856324e-10	2.498850e-09	1.566332e+00	2.876213e+02
6.880000e-06	1.570359e-10	2.483469e-09	1.325042e+00	2.853632e+02
6.890000e-06	1.284435e-10	2.461777e-09	1.083785e+00	2.830877e+02
6.900000e-06	9.984527e-11	2.434133e-09	8.424787e-01	2.807914e+02
6.910000e-06	7.124877e-11	2.406881e-09	6.011875e-01	2.784702e+02
6.920000e-06	4.265079e-11	2.384221e-09	3.598839e-01	2.761203e+02
6.930000e-06	1.404976e-11	2.369010e-09	1.185546e-01	2.737383e+02
6.940000e-06	-1.455615e-11	2.354439e-09	-1.228160e-01	2.713215e+02
6.950000e-06	-4.315537e-11	2.339750e-09	-3.641302e-01	2.688681e+02
6.960000e-06	-7.174139e-11	2.322620e-09	-6.053329e-01	2.663777e+02
6.970000e-06	-1.003226e-10	2.299854e-09	-8.464948e-01	2.638513e+02
6.980000e-06	-1.288893e-10	2.269486e-09	-1.087535e+00	2.612912e+02
6.990000e-06	-1.574542e-10	2.235110e-09	-1.328559e+00	2.587009e+02
7.000000e-06	-1.860251e-10	2.206009e-09	-1.569634e+00	2.560852e+02
7.010000e-06	-2.145700e-10	2.181628e-09	-1.810491e+00	2.534493e+02
7.020000e-06	-2.431018e-10	2.162309e-09	-2.051236e+00	2.507985e+02
7.030000e-06	-2.716212e-10	2.144808e-09	-2.291876e+00	2.481380e+02
7.040000e-06	-3.001150e-10	2.124493e-09	-2.532301e+00	2.454718e+02
7.050000e-06	-3.285960e-10	2.099408e-09	-2.772618e+00	2.428027e+02
7.060000e-06	-3.570712e-10	2.071392e-09	-3.012885e+00	2.401319e+02
7.070000e-06	-3.855267e-10	2.042404e-09	-3.252987e+00	2.374585e+02
7.080000e-06	-4.139390e-10	2.011076e-09	-3.492724e+00	2.347801e+02
7.090000e-06	-4.423331e-10	1.982834e-09	-3.732307e+00	2.320924e+02
7.100000e-06	-4.707161e-10	1.958839e-09	-3.971797e+00	2.293903e+02
7.110000e-06	-4.990720e-10	1.938445e-09	-4.211057e+00	2.266680e+02
7.120000e-06	-5.273917e-10	1.917558e-09	-4.450013e+00	2.239198e+02
7.130000e-06	-5.556682e-10	1.894638e-09	-4.688604e+00	2.211411e+02
7.140000e-06	-5.839095e-10	1.868580e-09	-4.926898e+00	2.183284e+02
7.150000e-06	-6.121102e-10	1.838516e-09	-5.164849e+00	2.154802e+02
7.160000e-06	-6.402763e-10	1.809929e-09	-5.402508e+00	2.125970e+02
7.170000e-06	-6.684087e-10	1.781885e-09	-5.639883e+00	2.096813e+02
7.180000e-06	-6.964998e-10	1.757362e-09	-5.876910e+00	2.067374e+02
7.190000e-06	-7.245671e-10	1.732853e-09	-6.113736e+00	2.037703e+02
7.200000e-06	-7.525954e-10	1.705734e-09	-6.350232e+00	2.007859e+02
7.210000e-06	-7.805709e-10	1.678943e-09	-6.586284e+00	1.977893e+02
7.220000e-06	-8.084975e-10	1.651416e-09	-6.821923e+00	1.947846e+02
7.230000e-06	-8.363711e-10	1.624124e-09	-7.057114e+00	1.917740e+02
7.240000e-06	-8.642142e-10	1.596492e-09	-7.292048e+00	1.887576e+02
7.250000e-06	-8.920188e-10	1.571379e-09	-7.526658e+00	1.857329e+02
7.260000e-06	-9.197676e-10	1.547805e-09	-7.760796e+00	1.826951e+02
7.270000e-06	-9.474728e-10	1.525226e-09	-7.994567e+00	1.796375e+02
7.280000e-06	-9.751428e-10	1.499453e-09	-8.228041e+00	1.765523e+02
7.290000e-06	-1.002770e-09	1.469433e-09	-8.461151e+00	1.734312e+02
7.300000e-06	-1.030347e-09	1.440422e-09	-8.693839e+00	1.702664e+02
7.310000e-06	-1.057867e-09	1.410591e-09	-8.926053e+00	1.670514e+02
7.320000e-06	-1.085331e-09	1.382296e-09	-9.157784e+00	1.637815e+02
7.330000e-06	-1.112744e-09	1.355364e-09	-9.389088e+00	1.604547e+02
7.340000e-06	-1.140106e-09	1.328774e-09	-9.619964e+00	1.570710e+02
7.350000e-06	-1.167418e-09	1.300749e-09	-9.850418e+00	1.536331e+02
7.360000e-06	-1.194677e-09	1.270117e-09	-1.008042e+01	1.501452e+02
7.370000e-06	-1.221891e-09	1.239021e-09	-1.031005e+01	1.466129e+02
7.380000e-06	-1.249067e-09	1.207882e-09	-1.053936e+01	1.430419e+02
7.390000e-06	-1.276187e-09	1.177492e-09	-1.076819e+01	1.394375e+02
7.400000e-06	-1.303255e-09	1.147064e-09	-1.099658e+01	1.358037e+02
7.410000e-06	-1.330278e-09	1.118071e-09	-1.122460e+01	1.321429e+02
7.420000e-06	-1.357253e-09	1.089420e-09	-1.145220e+01	1.284551e+02
7.430000e-06	-1.384158e-09	1.061578e-09	-1.167923e+01	1.247387e+02
7.440000e-06	-1.410974e-09	1.032914e-09	-1.190549e+01	1.209897e+02
7.450000e-06	-1.437713e-09	1.000471e-09	-1.213111e+01	1.172031e+02
7.460000e-06	-1.464381e-09	9.684134e-10	-1.235613e+01	1.133731e+02
7.470000e-06	-1.490974e-09	9.363530e-10	-1.258052e+01	1.094937e+02
7.480000e-06	-1.517497e-09	9.034550e-10	-1.280431e+01	1.055597e+02
7.490000e-06	-1.543942e-09	8.686789e-10	-1.302745e+01	1.015669e+02
7.500000e-06	-1.570305e-09	8.318121e-10	-1.324990e+01	9.751274e+01
7.510000e-06	-1.596599e-09	7.946682e-10	-1.347176e+01	9.339616e+01
7.520000e-06	-1.622819e-09	7.579100e-10	-1.369300e+01	8.921779e+01
7.530000e-06	-1.648964e-09	7.212267e-10	-1.391360e+01	8.497949e+01
7.540000e-06	-1.675047e-09	6.856942e-10	-1.413368e+01	8.068398e+01
7.550000e-06	-1.701067e-09	6.534861e-10	-1.435323e+01	7.633431e+01
7.560000e-06	-1.727013e-09	6.192535e-10	-1.457217e+01	7.193341e+01
7.570000e-06	-1.752881e-09	5.806668e-10	-1.479043e+01	6.748357e+01
7.580000e-06	-1.778667e-09	5.404399e-10	-1.500801e+01	6.298618e+01
7.590000e-06	-1.804380e-09	4.977947e-10	-1.522497e+01	5.844154e+01
7.600000e-06	-1.830023e-09	4.530673e-10	-1.544134e+01	5.384883e+01
7.610000e-06	-1.855599e-09	4.069634e-10	-1.565714e+01	4.920626e+01
7.620000e-06	-1.881118e-09	3.641761e-10	-1.587247e+01	4.451127e+01
7.630000e-06	-1.906557e-09	3.270348e-10	-1.608712e+01	3.976081e+01
7.640000e-06	-1.931901e-09	2.914667e-10	-1.630096e+01	3.495159e+01
7.650000e-06	-1.957159e-09	2.523287e-10	-1.651409e+01	3.008036e+01
7.660000e-06	-1.982313e-09	2.069099e-10	-1.672633e+01	2.514402e+01
7.670000e-06	-2.007357e-09	1.585394e-10	-1.693765e+01	2.013970e+01
7.680000e-06	-2.032299e-09	1.081212e-10	-1.714811e+01	1.506481e+01
7.690000e-06	-2.057130e-09	5.827336e-11	-1.735762e+01	9.916927e+00
7.700000e-06	-2.081859e-09	1.091412e-11	-1.756628e+01	4.693766e+00
7.710000e-06	-2.106493e-09	-3.486486e-11	-1.777414e+01	-6.068777e-01
7.720000e-06	-2.131034e-09	-7.840099e-11	-1.798121e+01	-5.987128e+00
7.730000e-06	-2.155481e-09	-1.213251e-10	-1.818749e+01	-1.144896e+01
7.740000e-06	-2.179834e-09	-1.660070e-10	-1.839297e+01	-1.699406e+01
7.750000e-06	-2.204085e-09	-2.164196e-10	-1.859760e+01	-2.262365e+01
7.760000e-06	-2.228229e-09	-2.725567e-10	-1.880132e+01	-2.833827e+01
7.770000e-06	-2.252279e-09	-3.287676e-10	-1.900425e+01	-3.413762e+01
7.780000e-06	-2.276245e-09	-3.808087e-10	-1.920647e+01	-4.002043e+01
7.790000e-06	-2.300121e-09	-4.310737e-10	-1.940793e+01	-4.598448e+01
7.800000e-06	-2.323895e-09	-4.827664e-10	-1.960853e+01	-5.202672e+01
7.810000e-06	-2.347546e-09	-5.339067e-10	-1.980809e+01	-5.814356e+01
7.820000e-06	-2.371064e-09	-5.855015e-10	-2.000653e+01	-6.433122e+01
7.830000e-06	-2.394455e-09	-6.395991e-10	-2.020390e+01	-7.058619e+01
7.840000e-06	-2.417718e-09	-6.958493e-10	-2.040018e+01	-7.690567e+01
7.850000e-06	-2.440851e-09	-7.519025e-10	-2.059537e+01	-8.328793e+01
7.860000e-06	-2.463853e-09	-8.069617e-10	-2.078946e+01	-8.973257e+01
7.870000e-06	-2.486731e-09	-8.615834e-10	-2.098251e+01	-9.624057e+01
7.880000e-06	-2.509497e-09	-9.158944e-10	-2.117460e+01	-1.028141e+02
7.890000e-06	-2.532148e-09	-9.735397e-10	-2.136573e+01	-1.094562e+02
7.900000e-06	-2.554661e-09	-1.034673e-09	-2.155568e+01	-1.161700e+02
7.910000e-06	-2.577023e-09	-1.096003e-09	-2.174437e+01	-1.229585e+02
7.920000e-06	-2.599229e-09	-1.154009e-09	-2.193173e+01	-1.298232e+02
7.930000e-06	-2.621297e-09	-1.209014e-09	-2.211794e+01	-1.367640e+02
7.940000e-06	-2.643247e-09	-1.265348e-09	-2.230315e+01	-1.437786e+02
7.950000e-06	-2.665081e-09	-1.323740e-09	-2.248738e+01	-1.508617e+02
7.960000e-06	-2.686806e-09	-1.384682e-09	-2.267069e+01	-1.580060e+02
7.970000e-06	-2.708414e-09	-1.446838e-09	-2.285301e+01	-1.652016e+02
7.980000e-06	-2.729910e-09	-1.511569e-09	-2.303439e+01	-1.724370e+02
7.990000e-06	-2.751307e-09	-1.578855e-09	-2.321494e+01	-1.796997e+02
8.000000e-06	-2.772599e-09	-1.643854e-09	-2.339459e+01	-1.869772e+02
8.010000e-06	-2.793774e-09	-1.703235e-09	-2.357327e+01	-1.942576e+02
8.020000e-06	-2.814843e-09	-1.757703e-09	-2.375104e+01	-2.015305e+02
8.030000e-06	-2.835792e-09	-1.815012e-09	-2.392780e+01	-2.087873e+02
8.040000e-06	-2.856613e-09	-1.878793e-09	-2.410349e+01	-2.160213e+02
8.050000e-06	-2.877317e-09	-1.944697e-09	-2.427819e+01	-2.232277e+02
8.060000e-06	-2.897896e-09	-2.007548e-09	-2.445183e+01	-2.304031e+02
8.070000e-06	-2.918334e-09	-2.068677e-09	-2.462428e+01	-2.375450e+02
8.080000e-06	-2.938591e-09	-2.129985e-09	-2.479520e+01	-2.446505e+02
8.090000e-06	-2.958670e-09	-2.189761e-09	-2.496463e+01	-2.517162e+02
8.100000e-06	-2.978603e-09	-2.247604e-09	-2.513281e+01	-2.587370e+02
8.110000e-06	-2.998413e-09	-2.305011e-09	-2.529997e+01	-2.657059e+02
8.120000e-06	-3.018106e-09	-2.364866e-09	-2.546614e+01	-2.726140e+02
8.130000e-06	-3.037679e-09	-2.425672e-09	-2.563129e+01	-2.794504e+02
8.140000e-06	-3.057124e-09	-2.487551e-09	-2.579536e+01	-2.862027e+02
8.150000e-06	-3.076428e-09	-2.548728e-09	-2.595824e+01	-2.928580e+02
8.160000e-06	-3.095613e-09	-2.604476e-09	-2.612012e+01	-2.994040e+02
8.170000e-06	-3.114692e-09	-2.657426e-09	-2.628111e+01	-3.058291e+02
8.180000e-06	-3.133666e-09	-2.712139e-09	-2.644120e+01	-3.121243e+02
8.190000e-06	-3.152501e-09	-2.768814e-09	-2.660013e+01	-3.182830e+02
8.200000e-06	-3.171157e-09	-2.823505e-09	-2.675755e+01	-3.243019e+02
8.210000e-06	-3.189624e-09	-2.876152e-09	-2.691336e+01	-3.301805e+02
8.220000e-06	-3.207926e-09	-2.927490e-09	-2.706780e+01	-3.359209e+02
8.230000e-06	-3.226082e-09	-2.976087e-09	-2.722099e+01	-3.415273e+02
8.240000e-06	-3.244105e-09	-3.023260e-09	-2.737307e+01	-3.470050e+02
8.250000e-06	-3.261992e-09	-3.071296e-09	-2.752399e+01	-3.523593e+02
8.260000e-06	-3.279727e-09	-3.122649e-09	-2.767363e+01	-3.575947e+02
8.270000e-06	-3.297318e-09	-3.173800e-09	-2.782206e+01	-3.627143e+02
8.280000e-06	-3.314788e-09	-3.220174e-09	-2.796948e+01	-3.677191e+02
8.290000e-06	-3.332156e-09	-3.262936e-09	-2.811602e+01	-3.726081e+02
8.300000e-06	-3.349375e-09	-3.304884e-09	-2.826131e+01	-3.773782e+02
8.310000e-06	-3.366383e-09	-3.346118e-09	-2.840482e+01	-3.820250e+02
8.320000e-06	-3.383196e-09	-3.387229e-09	-2.854669e+01	-3.865433e+02
8.330000e-06	-3.399861e-09	-3.428056e-09	-2.868731e+01	-3.909279e+02
8.340000e-06	-3.416408e-09	-3.466781e-09	-2.882692e+01	-3.951745e+02
8.350000e-06	-3.432821e-09	-3.505171e-09	-2.896542e+01	-3.992804e+02
8.360000e-06	-3.449079e-09	-3.541143e-09	-2.910260e+01	-4.032450e+02
8.370000e-06	-3.465190e-09	-3.572427e-09	-2.923854e+01	-4.070698e+02
8.380000e-06	-3.481147e-09	-3.603591e-09	-2.937317e+01	-4.107587e+02
8.390000e-06	-3.496980e-09	-3.637590e-09	-2.950677e+01	-4.143174e+02
8.400000e-06	-3.512686e-09	-3.673258e-09	-2.963930e+01	-4.177529e+02
8.410000e-06	-3.528192e-09	-3.707804e-09	-2.977013e+01	-4.210731e+02
8.420000e-06	-3.543464e-09	-3.738174e-09	-2.989900e+01	-4.242860e+02
8.430000e-06	-3.558528e-09	-3.767383e-09	-3.002610e+01	-4.273989e+02
8.440000e-06	-3.573417e-09	-3.797358e-09	-3.015173e+01	-4.304183e+02
8.450000e-06	-3.588146e-09	-3.825036e-09	-3.027601e+01	-4.333497e+02
8.460000e-06	-3.602716e-09	-3.846120e-09	-3.039895e+01	-4.361971e+02
8.470000e-06	-3.617123e-09	-3.865157e-09	-3.052051e+01	-4.389638e+02
8.480000e-06	-3.631393e-09	-3.891453e-09	-3.064092e+01	-4.416518e+02
8.490000e-06	-3.645536e-09	-3.921705e-09	-3.076025e+01	-4.442631e+02
8.500000e-06	-3.659498e-09	-3.946214e-09	-3.087806e+01	-4.467991e+02
8.510000e-06	-3.673225e-09	-3.962941e-09	-3.099389e+01	-4.492613e+02
8.520000e-06	-3.686758e-09	-3.980829e-09	-3.110808e+01	-4.516515e+02
8.530000e-06	-3.700153e-09	-4.002163e-09	-3.122110e+01	-4.539713e+02
8.540000e-06	-3.713384e-09	-4.022466e-09	-3.133274e+01	-4.562224e+02
8.550000e-06	-3.726456e-09	-4.038508e-09	-3.144304e+01	-4.584063e+02
8.560000e-06	-3.739386e-09	-4.053005e-09	-3.155214e+01	-4.605238e+02
8.570000e-06	-3.752153e-09	-4.072894e-09	-3.165987e+01	-4.625753e+02
8.580000e-06	-3.764779e-09	-4.091933e-09	-3.176641e+01	-4.645603e+02
8.590000e-06	-3.777260e-09	-4.105931e-09	-3.187171e+01	-4.664780e+02
8.600000e-06	-3.789512e-09	-4.116486e-09	-3.197510e+01	-4.683271e+02
8.610000e-06	-3.801532e-09	-4.124224e-09	-3.207652e+01	-4.701064e+02
8.620000e-06	-3.813392e-09	-4.134416e-09	-3.217659e+01	-4.718156e+02
8.630000e-06	-3.825107e-09	-4.147191e-09	-3.227544e+01	-4.734553e+02
8.640000e-06	-3.836668e-09	-4.160335e-09	-3.237298e+01	-4.750278e+02
8.650000e-06	-3.848066e-09	-4.172792e-09	-3.246916e+01	-4.765370e+02
8.660000e-06	-3.859279e-09	-4.184272e-09	-3.256377e+01	-4.779889e+02
8.670000e-06	-3.870346e-09	-4.193608e-09	-3.265715e+01	-4.793911e+02
8.680000e-06	-3.881271e-09	-4.200114e-09	-3.274934e+01	-4.807521e+02
8.690000e-06	-3.891961e-09	-4.206310e-09	-3.283954e+01	-4.820811e+02
8.700000e-06	-3.902397e-09	-4.214506e-09	-3.292759e+01	-4.833863e+02
8.710000e-06	-3.912643e-09	-4.227067e-09	-3.301405e+01	-4.846751e+02
8.720000e-06	-3.922707e-09	-4.243184e-09	-3.309897e+01	-4.859523e+02
8.730000e-06	-3.932577e-09	-4.257036e-09	-3.318225e+01	-4.872201e+02
8.740000e-06	-3.942241e-09	-4.263477e-09	-3.326379e+01	-4.884781e+02
8.750000e-06	-3.951668e-09	-4.262350e-09	-3.334334e+01	-4.897227e+02
8.760000e-06	-3.960874e-09	-4.260540e-09	-3.342101e+01	-4.909482e+02
8.770000e-06	-3.969911e-09	-4.264542e-09	-3.349727e+01	-4.921474e+02
8.780000e-06	-3.978793e-09	-4.274245e-09	-3.357221e+01	-4.933129e+02
8.790000e-06	-3.987524e-09	-4.287593e-09	-3.364588e+01	-4.944377e+02
8.800000e-06	-3.996139e-09	-4.301655e-09	-3.371857e+01	-4.955167e+02
8.810000e-06	-4.004613e-09	-4.314297e-09	-3.379007e+01	-4.965474e+02
8.820000e-06	-4.012910e-09	-4.321841e-09	-3.386008e+01	-4.975301e+02
8.830000e-06	-4.021029e-09	-4.324868e-09	-3.392859e+01	-4.984682e+02
8.840000e-06	-4.028984e-09	-4.327507e-09	-3.399571e+01	-4.993679e+02
8.850000e-06	-4.036800e-09	-4.331621e-09	-3.406166e+01	-5.002371e+02
8.860000e-06	-4.044439e-09	-4.337964e-09	-3.412612e+01	-5.010845e+02
8.870000e-06	-4.051832e-09	-4.343630e-09	-3.418850e+01	-5.019186e+02
8.880000e-06	-4.058999e-09	-4.348185e-09	-3.424897e+01	-5.027462e+02
8.890000e-06	-4.066007e-09	-4.352788e-09	-3.430810e+01	-5.035718e+02
8.900000e-06	-4.072861e-09	-4.357896e-09	-3.436594e+01	-5.043969e+02
8.910000e-06	-4.079531e-09	-4.363915e-09	-3.442221e+01	-5.052199e+02
8.920000e-06	-4.086012e-09	-4.370672e-09	-3.447690e+01	-5.060361e+02
8.930000e-06	-4.092332e-09	-4.378626e-09	-3.453023e+01	-5.068389e+02
8.940000e-06	-4.098504e-09	-4.385245e-09	-3.458230e+01	-5.076206e+02
8.950000e-06	-4.104468e-09	-4.391403e-09	-3.463263e+01	-5.083736e+02
8.960000e-06	-4.110173e-09	-4.398154e-09	-3.468077e+01	-5.090916e+02
8.970000e-06	-4.115671e-09	-4.403484e-09	-3.472716e+01	-5.097705e+02
8.980000e-06	-4.121017e-09	-4.408509e-09	-3.477227e+01	-5.104091e+02
8.990000e-06	-4.126195e-09	-4.412114e-09	-3.481596e+01	-5.110093e+02
9.000000e-06	-4.131177e-09	-4.414628e-09	-3.485800e+01	-5.115757e+02
9.010000e-06	-4.135970e-09	-4.417808e-09	-3.489843e+01	-5.121148e+02
9.020000e-06	-4.140623e-09	-4.422747e-09	-3.493770e+01	-5.126341e+02
9.030000e-06	-4.145123e-09	-4.427804e-09	-3.497567e+01	-5.131405e+02
9.040000e-06	-4.149385e-09	-4.430454e-09	-3.501163e+01	-5.136396e+02
9.050000e-06	-4.153395e-09	-4.433857e-09	-3.504547e+01	-5.141339e+02
9.060000e-06	-4.157232e-09	-4.439146e-09	-3.507784e+01	-5.146232e+02
9.070000e-06	-4.160920e-09	-4.444182e-09	-3.510896e+01	-5.151035e+02
9.080000e-06	-4.164431e-09	-4.446616e-09	-3.513858e+01	-5.155681e+02
9.090000e-06	-4.167768e-09	-4.447805e-09	-3.516674e+01	-5.160083e+02
9.100000e-06	-4.170924e-09	-4.453157e-09	-3.519337e+01	-5.164150e+02
9.110000e-06	-4.173925e-09	-4.459917e-09	-3.521869e+01	-5.167796e+02
9.120000e-06	-4.176734e-09	-4.465028e-09	-3.524240e+01	-5.170961e+02
9.130000e-06	-4.179269e-09	-4.469276e-09	-3.526379e+01	-5.173623e+02
9.140000e-06	-4.181555e-09	-4.471830e-09	-3.528307e+01	-5.175801e+02
9.150000e-06	-4.183649e-09	-4.473233e-09	-3.530074e+01	-5.177561e+02
9.160000e-06	-4.185556e-09	-4.472135e-09	-3.531684e+01	-5.179011e+02
9.170000e-06	-4.187285e-09	-4.470149e-09	-3.533142e+01	-5.180287e+02
9.180000e-06	-4.188835e-09	-4.470187e-09	-3.534450e+01	-5.181542e+02
9.190000e-06	-4.190236e-09	-4.472754e-09	-3.535632e+01	-5.182918e+02
9.200000e-06	-4.191456e-09	-4.477626e-09	-3.536662e+01	-5.184536e+02
9.210000e-06	-4.192409e-09	-4.480350e-09	-3.537466e+01	-5.186471e+02
9.220000e-06	-4.193144e-09	-4.479269e-09	-3.538086e+01	-5.188741e+02
9.230000e-06	-4.193736e-09	-4.477169e-09	-3.538585e+01	-5.191303e+02
9.240000e-06	-4.194151e-09	-4.473530e-09	-3.538936e+01	-5.194049e+02
