# Temperatura_=_20.0
# Concentracion g/m^3_=_10770.0
# C_Vs_to_Am_M_A/Vsm_=_116720831517.84952
# pendiente_HvsI_1/m_=_3716.3
# ordenada_HvsI_A/m_=_1297.0
# frecuencia_Hz_=_108075.38387821171
# Promedio de 9 ciclos

Tiempo_(s)	Campo_(V.s)	Magnetizacion_(V.s)	Campo_(kA/m)	Magnetizacion_(A/m)
0.000000e+00	-3.316056e-09	-1.129576e-10	-2.799465e+01	-2.128989e+02
1.000000e-08	-3.316049e-09	-1.157514e-10	-2.799455e+01	-2.128568e+02
2.000000e-08	-3.315954e-09	-1.171532e-10	-2.799361e+01	-2.128579e+02
3.000000e-08	-3.315758e-09	-1.158961e-10	-2.799178e+01	-2.129183e+02
4.000000e-08	-3.315386e-09	-1.128956e-10	-2.798851e+01	-2.130498e+02
5.000000e-08	-3.314817e-09	-1.104893e-10	-2.798361e+01	-2.132583e+02
6.000000e-08	-3.314049e-09	-1.143970e-10	-2.797705e+01	-2.135428e+02
7.000000e-08	-3.313057e-09	-1.033617e-10	-2.796863e+01	-2.138951e+02
8.000000e-08	-3.311798e-09	-8.079413e-11	-2.795805e+01	-2.143000e+02
9.000000e-08	-3.310321e-09	-9.680008e-11	-2.794560e+01	-2.147370e+02
1.000000e-07	-3.308778e-09	-1.143386e-10	-2.793239e+01	-2.151812e+02
1.100000e-07	-3.307212e-09	-1.079768e-10	-2.791896e+01	-2.156065e+02
1.200000e-07	-3.305609e-09	-1.553243e-10	-2.790525e+01	-2.159876e+02
1.300000e-07	-3.303955e-09	-1.174566e-10	-2.789115e+01	-2.163021e+02
1.400000e-07	-3.302104e-09	-8.546973e-11	-2.787549e+01	-2.165333e+02
1.500000e-07	-3.299968e-09	-1.259225e-10	-2.785738e+01	-2.166710e+02
1.600000e-07	-3.297634e-09	-9.644977e-11	-2.783754e+01	-2.167124e+02
1.700000e-07	-3.295144e-09	-8.105578e-11	-2.781653e+01	-2.166623e+02
1.800000e-07	-3.292469e-09	-6.548966e-11	-2.779405e+01	-2.165318e+02
1.900000e-07	-3.289595e-09	-1.103845e-10	-2.776990e+01	-2.163373e+02
2.000000e-07	-3.286582e-09	-1.308283e-10	-2.774454e+01	-2.160982e+02
2.100000e-07	-3.283427e-09	-1.007577e-10	-2.771805e+01	-2.158347e+02
2.200000e-07	-3.280052e-09	-9.793538e-11	-2.768971e+01	-2.155657e+02
2.300000e-07	-3.276491e-09	-9.542169e-11	-2.765967e+01	-2.153070e+02
2.400000e-07	-3.272812e-09	-1.056287e-10	-2.762855e+01	-2.150698e+02
2.500000e-07	-3.269034e-09	-6.439421e-11	-2.759666e+01	-2.148601e+02
2.600000e-07	-3.265121e-09	-7.799400e-11	-2.756368e+01	-2.146785e+02
2.700000e-07	-3.261066e-09	-1.049017e-10	-2.752941e+01	-2.145206e+02
2.800000e-07	-3.256885e-09	-9.987254e-11	-2.749407e+01	-2.143784e+02
2.900000e-07	-3.252572e-09	-1.000715e-10	-2.745760e+01	-2.142418e+02
3.000000e-07	-3.248101e-09	-8.851076e-11	-2.741981e+01	-2.140998e+02
3.100000e-07	-3.243456e-09	-1.009284e-10	-2.738048e+01	-2.139423e+02
3.200000e-07	-3.238678e-09	-7.259291e-11	-2.733994e+01	-2.137615e+02
3.300000e-07	-3.233787e-09	-7.773712e-11	-2.729850e+01	-2.135525e+02
3.400000e-07	-3.228780e-09	-9.067979e-11	-2.725613e+01	-2.133137e+02
3.500000e-07	-3.223608e-09	-8.813669e-11	-2.721245e+01	-2.130471e+02
3.600000e-07	-3.218212e-09	-8.341308e-11	-2.716687e+01	-2.127570e+02
3.700000e-07	-3.212619e-09	-8.097350e-11	-2.711963e+01	-2.124499e+02
3.800000e-07	-3.206896e-09	-9.814529e-11	-2.707125e+01	-2.121329e+02
3.900000e-07	-3.201072e-09	-7.270230e-11	-2.702197e+01	-2.118127e+02
4.000000e-07	-3.195114e-09	-7.686629e-11	-2.697155e+01	-2.114947e+02
4.100000e-07	-3.189008e-09	-9.244123e-11	-2.691991e+01	-2.111825e+02
4.200000e-07	-3.182771e-09	-9.557416e-11	-2.686719e+01	-2.108771e+02
4.300000e-07	-3.176418e-09	-8.530908e-11	-2.681346e+01	-2.105775e+02
4.400000e-07	-3.169953e-09	-8.296353e-11	-2.675883e+01	-2.102805e+02
4.500000e-07	-3.163377e-09	-9.431833e-11	-2.670329e+01	-2.099815e+02
4.600000e-07	-3.156660e-09	-7.273456e-11	-2.664655e+01	-2.096755e+02
4.700000e-07	-3.149730e-09	-7.135681e-11	-2.658809e+01	-2.093575e+02
4.800000e-07	-3.142591e-09	-7.481422e-11	-2.652789e+01	-2.090237e+02
4.900000e-07	-3.135310e-09	-7.986862e-11	-2.646647e+01	-2.086715e+02
5.000000e-07	-3.127921e-09	-8.143730e-11	-2.640403e+01	-2.083000e+02
5.100000e-07	-3.120388e-09	-8.716222e-11	-2.634038e+01	-2.079101e+02
5.200000e-07	-3.112694e-09	-9.072484e-11	-2.627543e+01	-2.075042e+02
5.300000e-07	-3.104854e-09	-7.461901e-11	-2.620918e+01	-2.070856e+02
5.400000e-07	-3.096873e-09	-7.840133e-11	-2.614173e+01	-2.066582e+02
5.500000e-07	-3.088784e-09	-7.561911e-11	-2.607333e+01	-2.062257e+02
5.600000e-07	-3.080589e-09	-7.354151e-11	-2.600402e+01	-2.057914e+02
5.700000e-07	-3.072235e-09	-7.231917e-11	-2.593353e+01	-2.053573e+02
5.800000e-07	-3.063668e-09	-7.959865e-11	-2.586140e+01	-2.049246e+02
5.900000e-07	-3.054905e-09	-8.408268e-11	-2.578752e+01	-2.044930e+02
6.000000e-07	-3.046017e-09	-7.817635e-11	-2.571238e+01	-2.040614e+02
6.100000e-07	-3.037027e-09	-8.445561e-11	-2.563631e+01	-2.036279e+02
6.200000e-07	-3.027915e-09	-7.879186e-11	-2.555934e+01	-2.031905e+02
6.300000e-07	-3.018665e-09	-7.979319e-11	-2.548126e+01	-2.027467e+02
6.400000e-07	-3.009275e-09	-7.853207e-11	-2.540195e+01	-2.022949e+02
6.500000e-07	-2.999751e-09	-7.712960e-11	-2.532148e+01	-2.018336e+02
6.600000e-07	-2.990111e-09	-7.374552e-11	-2.523991e+01	-2.013620e+02
6.700000e-07	-2.980342e-09	-6.927794e-11	-2.515727e+01	-2.008799e+02
6.800000e-07	-2.970390e-09	-7.258414e-11	-2.507318e+01	-2.003871e+02
6.900000e-07	-2.960232e-09	-6.651955e-11	-2.498740e+01	-1.998837e+02
7.000000e-07	-2.949887e-09	-7.053198e-11	-2.489996e+01	-1.993698e+02
7.100000e-07	-2.939381e-09	-7.325742e-11	-2.481112e+01	-1.988449e+02
7.200000e-07	-2.928722e-09	-7.657349e-11	-2.472107e+01	-1.983080e+02
7.300000e-07	-2.917913e-09	-7.617479e-11	-2.462986e+01	-1.977580e+02
7.400000e-07	-2.906968e-09	-6.984869e-11	-2.453745e+01	-1.971930e+02
7.500000e-07	-2.895894e-09	-6.574233e-11	-2.444388e+01	-1.966113e+02
7.600000e-07	-2.884702e-09	-5.899024e-11	-2.434936e+01	-1.960112e+02
7.700000e-07	-2.873406e-09	-6.083128e-11	-2.425397e+01	-1.953915e+02
7.800000e-07	-2.862000e-09	-6.004218e-11	-2.415761e+01	-1.947517e+02
7.900000e-07	-2.850438e-09	-6.393564e-11	-2.406000e+01	-1.940921e+02
8.000000e-07	-2.838692e-09	-6.956642e-11	-2.396091e+01	-1.934140e+02
8.100000e-07	-2.826792e-09	-7.385493e-11	-2.386040e+01	-1.927197e+02
8.200000e-07	-2.814766e-09	-7.614684e-11	-2.375872e+01	-1.920120e+02
8.300000e-07	-2.802629e-09	-7.145932e-11	-2.365617e+01	-1.912943e+02
8.400000e-07	-2.790386e-09	-6.864601e-11	-2.355281e+01	-1.905700e+02
8.500000e-07	-2.778035e-09	-6.546872e-11	-2.344849e+01	-1.898424e+02
8.600000e-07	-2.765562e-09	-6.991548e-11	-2.334316e+01	-1.891141e+02
8.700000e-07	-2.752961e-09	-7.188420e-11	-2.323688e+01	-1.883872e+02
8.800000e-07	-2.740240e-09	-7.227681e-11	-2.312964e+01	-1.876628e+02
8.900000e-07	-2.727411e-09	-7.301806e-11	-2.302136e+01	-1.869412e+02
9.000000e-07	-2.714474e-09	-7.127199e-11	-2.291206e+01	-1.862222e+02
9.100000e-07	-2.701405e-09	-7.011952e-11	-2.280178e+01	-1.855048e+02
9.200000e-07	-2.688192e-09	-6.531982e-11	-2.269032e+01	-1.847879e+02
9.300000e-07	-2.674823e-09	-6.453061e-11	-2.257739e+01	-1.840703e+02
9.400000e-07	-2.661298e-09	-6.312443e-11	-2.246313e+01	-1.833512e+02
9.500000e-07	-2.647656e-09	-6.384765e-11	-2.234783e+01	-1.826295e+02
9.600000e-07	-2.633918e-09	-6.295925e-11	-2.223170e+01	-1.819049e+02
9.700000e-07	-2.620080e-09	-5.974737e-11	-2.211477e+01	-1.811770e+02
9.800000e-07	-2.606126e-09	-5.889554e-11	-2.199685e+01	-1.804455e+02
9.900000e-07	-2.592055e-09	-5.767069e-11	-2.187793e+01	-1.797100e+02
1.000000e-06	-2.577861e-09	-6.195831e-11	-2.175808e+01	-1.789699e+02
1.010000e-06	-2.563554e-09	-6.471295e-11	-2.163727e+01	-1.782239e+02
1.020000e-06	-2.549149e-09	-6.530468e-11	-2.151554e+01	-1.774707e+02
1.030000e-06	-2.534654e-09	-6.168378e-11	-2.139302e+01	-1.767085e+02
1.040000e-06	-2.520061e-09	-5.771800e-11	-2.126973e+01	-1.759351e+02
1.050000e-06	-2.505339e-09	-5.715450e-11	-2.114538e+01	-1.751487e+02
1.060000e-06	-2.490461e-09	-5.546988e-11	-2.101978e+01	-1.743476e+02
1.070000e-06	-2.475430e-09	-5.454176e-11	-2.089285e+01	-1.735308e+02
1.080000e-06	-2.460260e-09	-5.366549e-11	-2.076470e+01	-1.726982e+02
1.090000e-06	-2.444961e-09	-5.732933e-11	-2.063551e+01	-1.718508e+02
1.100000e-06	-2.429552e-09	-6.012199e-11	-2.050536e+01	-1.709903e+02
1.110000e-06	-2.414031e-09	-6.006558e-11	-2.037428e+01	-1.701195e+02
1.120000e-06	-2.398388e-09	-5.934213e-11	-2.024225e+01	-1.692418e+02
1.130000e-06	-2.382634e-09	-5.997812e-11	-2.010918e+01	-1.683608e+02
1.140000e-06	-2.366731e-09	-6.276213e-11	-1.997490e+01	-1.674799e+02
1.150000e-06	-2.350674e-09	-6.134086e-11	-1.983939e+01	-1.666018e+02
1.160000e-06	-2.334481e-09	-5.793008e-11	-1.970266e+01	-1.657284e+02
1.170000e-06	-2.318171e-09	-5.440485e-11	-1.956488e+01	-1.648602e+02
1.180000e-06	-2.301772e-09	-5.461022e-11	-1.942633e+01	-1.639966e+02
1.190000e-06	-2.285280e-09	-5.583676e-11	-1.928703e+01	-1.631357e+02
1.200000e-06	-2.268691e-09	-5.502150e-11	-1.914694e+01	-1.622746e+02
1.210000e-06	-2.252003e-09	-5.394958e-11	-1.900603e+01	-1.614098e+02
1.220000e-06	-2.235223e-09	-5.356622e-11	-1.886436e+01	-1.605378e+02
1.230000e-06	-2.218367e-09	-5.630093e-11	-1.872202e+01	-1.596555e+02
1.240000e-06	-2.201450e-09	-5.701779e-11	-1.857908e+01	-1.587605e+02
1.250000e-06	-2.184462e-09	-5.621791e-11	-1.843556e+01	-1.578514e+02
1.260000e-06	-2.167396e-09	-5.495382e-11	-1.829136e+01	-1.569284e+02
1.270000e-06	-2.150240e-09	-5.509370e-11	-1.814645e+01	-1.559925e+02
1.280000e-06	-2.132983e-09	-5.682132e-11	-1.800077e+01	-1.550461e+02
1.290000e-06	-2.115631e-09	-5.781824e-11	-1.785431e+01	-1.540922e+02
1.300000e-06	-2.098181e-09	-5.908954e-11	-1.770706e+01	-1.531341e+02
1.310000e-06	-2.080632e-09	-5.932746e-11	-1.755898e+01	-1.521749e+02
1.320000e-06	-2.063004e-09	-6.114566e-11	-1.741016e+01	-1.512171e+02
1.330000e-06	-2.045312e-09	-6.226084e-11	-1.726071e+01	-1.502621e+02
1.340000e-06	-2.027545e-09	-6.152203e-11	-1.711064e+01	-1.493104e+02
1.350000e-06	-2.009689e-09	-5.925633e-11	-1.695982e+01	-1.483612e+02
1.360000e-06	-1.991724e-09	-5.662602e-11	-1.680810e+01	-1.474127e+02
1.370000e-06	-1.973627e-09	-5.588119e-11	-1.665532e+01	-1.464624e+02
1.380000e-06	-1.955393e-09	-5.402416e-11	-1.650138e+01	-1.455073e+02
1.390000e-06	-1.937042e-09	-5.413096e-11	-1.634648e+01	-1.445446e+02
1.400000e-06	-1.918600e-09	-5.483615e-11	-1.619083e+01	-1.435720e+02
1.410000e-06	-1.900082e-09	-5.586691e-11	-1.603448e+01	-1.425881e+02
1.420000e-06	-1.881492e-09	-5.747838e-11	-1.587754e+01	-1.415922e+02
1.430000e-06	-1.862835e-09	-5.850334e-11	-1.572009e+01	-1.405849e+02
1.440000e-06	-1.844098e-09	-5.956173e-11	-1.556206e+01	-1.395676e+02
1.450000e-06	-1.825282e-09	-5.662308e-11	-1.540329e+01	-1.385425e+02
1.460000e-06	-1.806394e-09	-5.328106e-11	-1.524374e+01	-1.375121e+02
1.470000e-06	-1.787423e-09	-5.002937e-11	-1.508353e+01	-1.364790e+02
1.480000e-06	-1.768378e-09	-4.725430e-11	-1.492274e+01	-1.354453e+02
1.490000e-06	-1.749256e-09	-4.519158e-11	-1.476133e+01	-1.344125e+02
1.500000e-06	-1.730056e-09	-4.285519e-11	-1.459929e+01	-1.333811e+02
1.510000e-06	-1.710792e-09	-4.431623e-11	-1.443665e+01	-1.323509e+02
1.520000e-06	-1.691464e-09	-4.708985e-11	-1.427343e+01	-1.313207e+02
1.530000e-06	-1.672059e-09	-4.905680e-11	-1.410958e+01	-1.302886e+02
1.540000e-06	-1.652564e-09	-4.869614e-11	-1.394502e+01	-1.292524e+02
1.550000e-06	-1.632957e-09	-4.774465e-11	-1.377964e+01	-1.282096e+02
1.560000e-06	-1.613235e-09	-4.651810e-11	-1.361338e+01	-1.271580e+02
1.570000e-06	-1.593406e-09	-4.447241e-11	-1.344622e+01	-1.260958e+02
1.580000e-06	-1.573487e-09	-4.297370e-11	-1.327815e+01	-1.250218e+02
1.590000e-06	-1.553491e-09	-3.974854e-11	-1.310933e+01	-1.239355e+02
1.600000e-06	-1.533427e-09	-3.633021e-11	-1.293998e+01	-1.228371e+02
1.610000e-06	-1.513310e-09	-3.465913e-11	-1.277021e+01	-1.217272e+02
1.620000e-06	-1.493155e-09	-3.705969e-11	-1.259997e+01	-1.206069e+02
1.630000e-06	-1.472956e-09	-4.049289e-11	-1.242926e+01	-1.194777e+02
1.640000e-06	-1.452692e-09	-4.252187e-11	-1.225803e+01	-1.183409e+02
1.650000e-06	-1.432362e-09	-4.256483e-11	-1.208634e+01	-1.171977e+02
1.660000e-06	-1.411970e-09	-4.062565e-11	-1.191421e+01	-1.160496e+02
1.670000e-06	-1.391511e-09	-3.799472e-11	-1.174145e+01	-1.148973e+02
1.680000e-06	-1.370982e-09	-3.281827e-11	-1.156811e+01	-1.137420e+02
1.690000e-06	-1.350387e-09	-3.042849e-11	-1.139428e+01	-1.125844e+02
1.700000e-06	-1.329730e-09	-3.075819e-11	-1.121997e+01	-1.114256e+02
1.710000e-06	-1.309010e-09	-3.333869e-11	-1.104518e+01	-1.102665e+02
1.720000e-06	-1.288233e-09	-3.825493e-11	-1.086988e+01	-1.091085e+02
1.730000e-06	-1.267414e-09	-4.213034e-11	-1.069413e+01	-1.079529e+02
1.740000e-06	-1.246552e-09	-4.191470e-11	-1.051802e+01	-1.068011e+02
1.750000e-06	-1.225649e-09	-3.789599e-11	-1.034156e+01	-1.056543e+02
1.760000e-06	-1.204706e-09	-3.436674e-11	-1.016478e+01	-1.045135e+02
1.770000e-06	-1.183720e-09	-2.916628e-11	-9.987553e+00	-1.033795e+02
1.780000e-06	-1.162677e-09	-2.581608e-11	-9.809800e+00	-1.022520e+02
1.790000e-06	-1.141559e-09	-2.537196e-11	-9.631490e+00	-1.011304e+02
1.800000e-06	-1.120361e-09	-2.672635e-11	-9.452615e+00	-1.000132e+02
1.810000e-06	-1.099082e-09	-3.010354e-11	-9.273130e+00	-9.889832e+01
1.820000e-06	-1.077726e-09	-3.190573e-11	-9.092923e+00	-9.778307e+01
1.830000e-06	-1.056298e-09	-3.097481e-11	-8.912089e+00	-9.666447e+01
1.840000e-06	-1.034809e-09	-2.677275e-11	-8.730757e+00	-9.553945e+01
1.850000e-06	-1.013266e-09	-2.222414e-11	-8.548940e+00	-9.440507e+01
1.860000e-06	-9.916712e-10	-1.782294e-11	-8.366722e+00	-9.325874e+01
1.870000e-06	-9.700381e-10	-1.498396e-11	-8.184119e+00	-9.209837e+01
1.880000e-06	-9.483758e-10	-1.581154e-11	-8.001165e+00	-9.092244e+01
1.890000e-06	-9.266905e-10	-1.666015e-11	-7.817891e+00	-8.972999e+01
1.900000e-06	-9.049746e-10	-1.563303e-11	-7.634327e+00	-8.852051e+01
1.910000e-06	-8.832252e-10	-1.297666e-11	-7.450567e+00	-8.729389e+01
1.920000e-06	-8.614441e-10	-1.111240e-11	-7.266606e+00	-8.605018e+01
1.930000e-06	-8.396288e-10	-9.911126e-12	-7.082381e+00	-8.478951e+01
1.940000e-06	-8.177858e-10	-9.219989e-12	-6.897865e+00	-8.351200e+01
1.950000e-06	-7.959089e-10	-8.996014e-12	-6.713088e+00	-8.221773e+01
1.960000e-06	-7.739935e-10	-9.201526e-12	-6.528055e+00	-8.090679e+01
1.970000e-06	-7.520381e-10	-1.046585e-11	-6.342674e+00	-7.957943e+01
1.980000e-06	-7.300460e-10	-1.022767e-11	-6.156944e+00	-7.823620e+01
1.990000e-06	-7.080225e-10	-8.716818e-12	-5.970912e+00	-7.687815e+01
2.000000e-06	-6.859633e-10	-5.112654e-12	-5.784629e+00	-7.550697e+01
2.010000e-06	-6.638689e-10	-2.935439e-12	-5.598140e+00	-7.412511e+01
2.020000e-06	-6.417443e-10	-4.582830e-12	-5.411412e+00	-7.273569e+01
2.030000e-06	-6.195940e-10	-6.691329e-12	-5.224432e+00	-7.134243e+01
2.040000e-06	-5.974172e-10	-9.745915e-12	-5.037194e+00	-6.994940e+01
2.050000e-06	-5.752189e-10	-1.277615e-11	-4.849696e+00	-6.856062e+01
2.060000e-06	-5.529993e-10	-1.512830e-11	-4.662010e+00	-6.717969e+01
2.070000e-06	-5.307567e-10	-1.447357e-11	-4.474196e+00	-6.580941e+01
2.080000e-06	-5.084866e-10	-1.072293e-11	-4.286228e+00	-6.445135e+01
2.090000e-06	-4.861992e-10	-5.568963e-12	-4.098085e+00	-6.310566e+01
2.100000e-06	-4.639007e-10	1.511670e-12	-3.909783e+00	-6.177098e+01
2.110000e-06	-4.415895e-10	5.385145e-12	-3.721355e+00	-6.044446e+01
2.120000e-06	-4.192653e-10	3.367081e-12	-3.532760e+00	-5.912210e+01
2.130000e-06	-3.969218e-10	-2.441036e-12	-3.344006e+00	-5.779914e+01
2.140000e-06	-3.745591e-10	-7.543920e-12	-3.155138e+00	-5.647055e+01
2.150000e-06	-3.521755e-10	-8.793844e-12	-2.966084e+00	-5.513165e+01
2.160000e-06	-3.297736e-10	-7.078863e-12	-2.776925e+00	-5.377863e+01
2.170000e-06	-3.073588e-10	-2.463744e-12	-2.587741e+00	-5.240898e+01
2.180000e-06	-2.849295e-10	2.928151e-12	-2.398422e+00	-5.102174e+01
2.190000e-06	-2.624860e-10	7.594329e-12	-2.208940e+00	-4.961764e+01
2.200000e-06	-2.400375e-10	9.068858e-12	-2.019323e+00	-4.819890e+01
2.210000e-06	-2.175822e-10	6.110851e-12	-1.829596e+00	-4.676889e+01
2.220000e-06	-1.951192e-10	6.332518e-13	-1.639839e+00	-4.533171e+01
2.230000e-06	-1.726497e-10	-4.580733e-12	-1.450069e+00	-4.389155e+01
2.240000e-06	-1.501713e-10	-4.522540e-12	-1.260262e+00	-4.245217e+01
2.250000e-06	-1.276873e-10	-5.607882e-13	-1.070353e+00	-4.101635e+01
2.260000e-06	-1.052030e-10	5.062463e-12	-8.803865e-01	-3.958557e+01
2.270000e-06	-8.271246e-11	1.041196e-11	-6.904133e-01	-3.815983e+01
2.280000e-06	-6.021760e-11	1.290291e-11	-5.004559e-01	-3.673767e+01
2.290000e-06	-3.772743e-11	1.330534e-11	-3.105366e-01	-3.531649e+01
2.300000e-06	-1.524163e-11	1.036931e-11	-1.206246e-01	-3.389289e+01
2.310000e-06	7.242620e-12	5.934372e-12	6.923621e-02	-3.246327e+01
2.320000e-06	2.972578e-11	3.356000e-12	2.591188e-01	-3.102432e+01
2.330000e-06	5.220857e-11	5.038162e-12	4.489851e-01	-2.957363e+01
2.340000e-06	7.469274e-11	1.080782e-11	6.388270e-01	-2.811000e+01
2.350000e-06	9.717588e-11	1.808520e-11	8.286947e-01	-2.663371e+01
2.360000e-06	1.196496e-10	2.247350e-11	1.018485e+00	-2.514655e+01
2.370000e-06	1.421145e-10	2.228103e-11	1.208180e+00	-2.365163e+01
2.380000e-06	1.645750e-10	2.015676e-11	1.397877e+00	-2.215306e+01
2.390000e-06	1.870323e-10	1.798375e-11	1.587585e+00	-2.065542e+01
2.400000e-06	2.094863e-10	1.836799e-11	1.777265e+00	-1.916331e+01
2.410000e-06	2.319358e-10	2.034884e-11	1.966937e+00	-1.768076e+01
2.420000e-06	2.543803e-10	2.281783e-11	2.156532e+00	-1.621085e+01
2.430000e-06	2.768093e-10	2.359463e-11	2.345999e+00	-1.475540e+01
2.440000e-06	2.992254e-10	2.270348e-11	2.535340e+00	-1.331480e+01
2.450000e-06	3.216342e-10	2.129646e-11	2.724545e+00	-1.188806e+01
2.460000e-06	3.440290e-10	1.920305e-11	2.913661e+00	-1.047298e+01
2.470000e-06	3.664033e-10	1.983022e-11	3.102694e+00	-9.066450e+00
2.480000e-06	3.887590e-10	2.354095e-11	3.291571e+00	-7.664755e+00
2.490000e-06	4.111008e-10	2.960442e-11	3.480271e+00	-6.263955e+00
2.500000e-06	4.334284e-10	3.445427e-11	3.668818e+00	-4.860178e+00
2.510000e-06	4.557358e-10	3.577748e-11	3.857190e+00	-3.449841e+00
2.520000e-06	4.780200e-10	3.578793e-11	4.045370e+00	-2.029781e+00
2.530000e-06	5.002862e-10	3.522123e-11	4.233385e+00	-5.972853e-01
2.540000e-06	5.225363e-10	3.343855e-11	4.421256e+00	8.499484e-01
2.550000e-06	5.447630e-10	3.046707e-11	4.608927e+00	2.313884e+00
2.560000e-06	5.669672e-10	3.063540e-11	4.796427e+00	3.796221e+00
2.570000e-06	5.891473e-10	3.513450e-11	4.983762e+00	5.298419e+00
2.580000e-06	6.113036e-10	4.085763e-11	5.170772e+00	6.821660e+00
2.590000e-06	6.334440e-10	4.489490e-11	5.357521e+00	8.366722e+00
2.600000e-06	6.555543e-10	4.521316e-11	5.544156e+00	9.933790e+00
2.610000e-06	6.776267e-10	4.331223e-11	5.730571e+00	1.152222e+01
2.620000e-06	6.996726e-10	4.098806e-11	5.916663e+00	1.313030e+01
2.630000e-06	7.216963e-10	3.894422e-11	6.102500e+00	1.475511e+01
2.640000e-06	7.436860e-10	3.716467e-11	6.288118e+00	1.639241e+01
2.650000e-06	7.656382e-10	3.679751e-11	6.473477e+00	1.803677e+01
2.660000e-06	7.875530e-10	3.801272e-11	6.658552e+00	1.968181e+01
2.670000e-06	8.094302e-10	3.874765e-11	6.843292e+00	2.132063e+01
2.680000e-06	8.312777e-10	3.903250e-11	7.027704e+00	2.294643e+01
2.690000e-06	8.530916e-10	3.817910e-11	7.211867e+00	2.455307e+01
2.700000e-06	8.748716e-10	3.698182e-11	7.395747e+00	2.613582e+01
2.710000e-06	8.966299e-10	3.552426e-11	7.579378e+00	2.769193e+01
2.720000e-06	9.183677e-10	3.360377e-11	7.762807e+00	2.922099e+01
2.730000e-06	9.400757e-10	3.258501e-11	7.946015e+00	3.072521e+01
2.740000e-06	9.617471e-10	3.310160e-11	8.128969e+00	3.220930e+01
2.750000e-06	9.833818e-10	3.444071e-11	8.311607e+00	3.368008e+01
2.760000e-06	1.004969e-09	3.635409e-11	8.493886e+00	3.514594e+01
2.770000e-06	1.026502e-09	3.908005e-11	8.675721e+00	3.661594e+01
2.780000e-06	1.047986e-09	4.104697e-11	8.857041e+00	3.809897e+01
2.790000e-06	1.069407e-09	4.355840e-11	9.037748e+00	3.960274e+01
2.800000e-06	1.090749e-09	4.575789e-11	9.217742e+00	4.113302e+01
2.810000e-06	1.112010e-09	4.597503e-11	9.397071e+00	4.269301e+01
2.820000e-06	1.133202e-09	4.498038e-11	9.575782e+00	4.428298e+01
2.830000e-06	1.154330e-09	4.360806e-11	9.753935e+00	4.590027e+01
2.840000e-06	1.175396e-09	4.383981e-11	9.931621e+00	4.753958e+01
2.850000e-06	1.196398e-09	4.535287e-11	1.010885e+01	4.919358e+01
2.860000e-06	1.217337e-09	4.885546e-11	1.028565e+01	5.085366e+01
2.870000e-06	1.238235e-09	5.354746e-11	1.046208e+01	5.251090e+01
2.880000e-06	1.259089e-09	5.638498e-11	1.063810e+01	5.415692e+01
2.890000e-06	1.279891e-09	5.639971e-11	1.081376e+01	5.578476e+01
2.900000e-06	1.300645e-09	5.442309e-11	1.098905e+01	5.738944e+01
2.910000e-06	1.321341e-09	5.199257e-11	1.116383e+01	5.896835e+01
2.920000e-06	1.341969e-09	4.863749e-11	1.133802e+01	6.052130e+01
2.930000e-06	1.362537e-09	4.589009e-11	1.151169e+01	6.205032e+01
2.940000e-06	1.383053e-09	4.637697e-11	1.168483e+01	6.355920e+01
2.950000e-06	1.403505e-09	4.975172e-11	1.185740e+01	6.505290e+01
2.960000e-06	1.423889e-09	5.297494e-11	1.202943e+01	6.653678e+01
2.970000e-06	1.444205e-09	5.532746e-11	1.220095e+01	6.801602e+01
2.980000e-06	1.464461e-09	5.740285e-11	1.237195e+01	6.949497e+01
2.990000e-06	1.484660e-09	5.874137e-11	1.254249e+01	7.097675e+01
3.000000e-06	1.504803e-09	5.847917e-11	1.271259e+01	7.246303e+01
3.010000e-06	1.524901e-09	5.612648e-11	1.288230e+01	7.395408e+01
3.020000e-06	1.544954e-09	5.289629e-11	1.305159e+01	7.544890e+01
3.030000e-06	1.564940e-09	5.096998e-11	1.322040e+01	7.694561e+01
3.040000e-06	1.584840e-09	5.242000e-11	1.338848e+01	7.844188e+01
3.050000e-06	1.604646e-09	5.662803e-11	1.355561e+01	7.993534e+01
3.060000e-06	1.624342e-09	6.206174e-11	1.372180e+01	8.142399e+01
3.070000e-06	1.643926e-09	6.699547e-11	1.388711e+01	8.290651e+01
3.080000e-06	1.663412e-09	6.930848e-11	1.405159e+01	8.438238e+01
3.090000e-06	1.682811e-09	6.880419e-11	1.421534e+01	8.585190e+01
3.100000e-06	1.702138e-09	6.508684e-11	1.437848e+01	8.731603e+01
3.110000e-06	1.721394e-09	5.987848e-11	1.454107e+01	8.877621e+01
3.120000e-06	1.740581e-09	5.708455e-11	1.470310e+01	9.023397e+01
3.130000e-06	1.759699e-09	5.851608e-11	1.486445e+01	9.169072e+01
3.140000e-06	1.778742e-09	6.318194e-11	1.502512e+01	9.314742e+01
3.150000e-06	1.797716e-09	6.929476e-11	1.518520e+01	9.460442e+01
3.160000e-06	1.816619e-09	7.336264e-11	1.534471e+01	9.606136e+01
3.170000e-06	1.835444e-09	7.405081e-11	1.550358e+01	9.751721e+01
3.180000e-06	1.854186e-09	7.234210e-11	1.566174e+01	9.897040e+01
3.190000e-06	1.872847e-09	6.806790e-11	1.581923e+01	1.004190e+02
3.200000e-06	1.891434e-09	6.385603e-11	1.597614e+01	1.018610e+02
3.210000e-06	1.909957e-09	6.282465e-11	1.613254e+01	1.032945e+02
3.220000e-06	1.928415e-09	6.691160e-11	1.628840e+01	1.047181e+02
3.230000e-06	1.946799e-09	7.317262e-11	1.644356e+01	1.061308e+02
3.240000e-06	1.965080e-09	7.685818e-11	1.659772e+01	1.075322e+02
3.250000e-06	1.983230e-09	7.651946e-11	1.675069e+01	1.089227e+02
3.260000e-06	2.001246e-09	7.275380e-11	1.690246e+01	1.103033e+02
3.270000e-06	2.019136e-09	7.014927e-11	1.705330e+01	1.116751e+02
3.280000e-06	2.036923e-09	7.078137e-11	1.720345e+01	1.130400e+02
3.290000e-06	2.054634e-09	7.447884e-11	1.735295e+01	1.143996e+02
3.300000e-06	2.072270e-09	7.965514e-11	1.750178e+01	1.157555e+02
3.310000e-06	2.089822e-09	8.363869e-11	1.764990e+01	1.171092e+02
3.320000e-06	2.107289e-09	8.697486e-11	1.779732e+01	1.184618e+02
3.330000e-06	2.124675e-09	8.664392e-11	1.794400e+01	1.198139e+02
3.340000e-06	2.141966e-09	8.166433e-11	1.808991e+01	1.211655e+02
3.350000e-06	2.159160e-09	7.587011e-11	1.823503e+01	1.225161e+02
3.360000e-06	2.176259e-09	7.274509e-11	1.837935e+01	1.238648e+02
3.370000e-06	2.193267e-09	7.456915e-11	1.852300e+01	1.252101e+02
3.380000e-06	2.210202e-09	7.887863e-11	1.866605e+01	1.265498e+02
3.390000e-06	2.227069e-09	8.232088e-11	1.880847e+01	1.278818e+02
3.400000e-06	2.243853e-09	8.491225e-11	1.895013e+01	1.292034e+02
3.410000e-06	2.260528e-09	8.748634e-11	1.909086e+01	1.305119e+02
3.420000e-06	2.277086e-09	8.755237e-11	1.923055e+01	1.318049e+02
3.430000e-06	2.293530e-09	8.373771e-11	1.936925e+01	1.330802e+02
3.440000e-06	2.309867e-09	8.079552e-11	1.950710e+01	1.343362e+02
3.450000e-06	2.326113e-09	8.047454e-11	1.964418e+01	1.355724e+02
3.460000e-06	2.342263e-09	8.168379e-11	1.978033e+01	1.367891e+02
3.470000e-06	2.358298e-09	8.452558e-11	1.991546e+01	1.379879e+02
3.480000e-06	2.374205e-09	8.803460e-11	2.004957e+01	1.391715e+02
3.490000e-06	2.389988e-09	9.102187e-11	2.018268e+01	1.403438e+02
3.500000e-06	2.405663e-09	9.365492e-11	2.031489e+01	1.415096e+02
3.510000e-06	2.421234e-09	9.511835e-11	2.044625e+01	1.426740e+02
3.520000e-06	2.436700e-09	9.340742e-11	2.057673e+01	1.438423e+02
3.530000e-06	2.452058e-09	9.157399e-11	2.070631e+01	1.450193e+02
3.540000e-06	2.467296e-09	9.241394e-11	2.083495e+01	1.462087e+02
3.550000e-06	2.482400e-09	9.491605e-11	2.096246e+01	1.474126e+02
3.560000e-06	2.497344e-09	9.798436e-11	2.108848e+01	1.486314e+02
3.570000e-06	2.512116e-09	1.004699e-10	2.121299e+01	1.498633e+02
3.580000e-06	2.526738e-09	1.020254e-10	2.133639e+01	1.511045e+02
3.590000e-06	2.541250e-09	1.020691e-10	2.145896e+01	1.523493e+02
3.600000e-06	2.555676e-09	9.931657e-11	2.158070e+01	1.535907e+02
3.610000e-06	2.570004e-09	9.540058e-11	2.170159e+01	1.548211e+02
3.620000e-06	2.584213e-09	9.362922e-11	2.182151e+01	1.560326e+02
3.630000e-06	2.598299e-09	9.442046e-11	2.194038e+01	1.572183e+02
3.640000e-06	2.612273e-09	9.734587e-11	2.205830e+01	1.583726e+02
3.650000e-06	2.626139e-09	1.014702e-10	2.217532e+01	1.594919e+02
3.660000e-06	2.639905e-09	1.035705e-10	2.229151e+01	1.605748e+02
3.670000e-06	2.653580e-09	1.026764e-10	2.240695e+01	1.616225e+02
3.680000e-06	2.667143e-09	9.956203e-11	2.252146e+01	1.626382e+02
3.690000e-06	2.680558e-09	9.644238e-11	2.263469e+01	1.636270e+02
3.700000e-06	2.693802e-09	9.599395e-11	2.274641e+01	1.645950e+02
3.710000e-06	2.706887e-09	9.849292e-11	2.285676e+01	1.655490e+02
3.720000e-06	2.719849e-09	1.032656e-10	2.296613e+01	1.664953e+02
3.730000e-06	2.732714e-09	1.081143e-10	2.307474e+01	1.674396e+02
3.740000e-06	2.745475e-09	1.112683e-10	2.318243e+01	1.683859e+02
3.750000e-06	2.758120e-09	1.106079e-10	2.328911e+01	1.693365e+02
3.760000e-06	2.770652e-09	1.067652e-10	2.339488e+01	1.702922e+02
3.770000e-06	2.783080e-09	1.017547e-10	2.349970e+01	1.712519e+02
3.780000e-06	2.795398e-09	9.630238e-11	2.360353e+01	1.722134e+02
3.790000e-06	2.807597e-09	9.421293e-11	2.370648e+01	1.731736e+02
3.800000e-06	2.819694e-09	9.681046e-11	2.380858e+01	1.741292e+02
3.810000e-06	2.831687e-09	1.004138e-10	2.390972e+01	1.750773e+02
3.820000e-06	2.843517e-09	1.023682e-10	2.400946e+01	1.760154e+02
3.830000e-06	2.855155e-09	1.029086e-10	2.410754e+01	1.769421e+02
3.840000e-06	2.866623e-09	1.020320e-10	2.420425e+01	1.778569e+02
3.850000e-06	2.877957e-09	9.920455e-11	2.429993e+01	1.787599e+02
3.860000e-06	2.889184e-09	9.615109e-11	2.439475e+01	1.796520e+02
3.870000e-06	2.900306e-09	9.411101e-11	2.448859e+01	1.805342e+02
3.880000e-06	2.911308e-09	9.258509e-11	2.458136e+01	1.814073e+02
3.890000e-06	2.922177e-09	9.309606e-11	2.467305e+01	1.822716e+02
3.900000e-06	2.932913e-09	9.530917e-11	2.476363e+01	1.831265e+02
3.910000e-06	2.943506e-09	9.794526e-11	2.485299e+01	1.839708e+02
3.920000e-06	2.953941e-09	9.970160e-11	2.494103e+01	1.848025e+02
3.930000e-06	2.964195e-09	9.835163e-11	2.502748e+01	1.856191e+02
3.940000e-06	2.974253e-09	9.462314e-11	2.511217e+01	1.864180e+02
3.950000e-06	2.984124e-09	9.116127e-11	2.519532e+01	1.871971e+02
3.960000e-06	2.993849e-09	9.141764e-11	2.527733e+01	1.879548e+02
3.970000e-06	3.003448e-09	9.521914e-11	2.535838e+01	1.886907e+02
3.980000e-06	3.012918e-09	9.900834e-11	2.543831e+01	1.894058e+02
3.990000e-06	3.022261e-09	1.002479e-10	2.551712e+01	1.901021e+02
4.000000e-06	3.031472e-09	9.958374e-11	2.559479e+01	1.907827e+02
4.010000e-06	3.040547e-09	9.824865e-11	2.567136e+01	1.914514e+02
4.020000e-06	3.049510e-09	9.638846e-11	2.574707e+01	1.921122e+02
4.030000e-06	3.058379e-09	9.476707e-11	2.582202e+01	1.927687e+02
4.040000e-06	3.067133e-09	9.387725e-11	2.589585e+01	1.934238e+02
4.050000e-06	3.075713e-09	9.388736e-11	2.596807e+01	1.940789e+02
4.060000e-06	3.084092e-09	9.421788e-11	2.603855e+01	1.947342e+02
4.070000e-06	3.092301e-09	9.499521e-11	2.610768e+01	1.953885e+02
4.080000e-06	3.100384e-09	9.628680e-11	2.617582e+01	1.960392e+02
4.090000e-06	3.108350e-09	9.781425e-11	2.624298e+01	1.966828e+02
4.100000e-06	3.116190e-09	1.007655e-10	2.630907e+01	1.973155e+02
4.110000e-06	3.123893e-09	1.039743e-10	2.637404e+01	1.979338e+02
4.120000e-06	3.131451e-09	1.054207e-10	2.643779e+01	1.985347e+02
4.130000e-06	3.138873e-09	1.036292e-10	2.650044e+01	1.991164e+02
4.140000e-06	3.146189e-09	9.974516e-11	2.656225e+01	1.996785e+02
4.150000e-06	3.153401e-09	9.798346e-11	2.662308e+01	2.002219e+02
4.160000e-06	3.160463e-09	9.832188e-11	2.668251e+01	2.007489e+02
4.170000e-06	3.167317e-09	9.968266e-11	2.674030e+01	2.012624e+02
4.180000e-06	3.173972e-09	1.031130e-10	2.679654e+01	2.017659e+02
4.190000e-06	3.180489e-09	1.082441e-10	2.685161e+01	2.022626e+02
4.200000e-06	3.186888e-09	1.129502e-10	2.690573e+01	2.027551e+02
4.210000e-06	3.193158e-09	1.153944e-10	2.695874e+01	2.032450e+02
4.220000e-06	3.199292e-09	1.150771e-10	2.701053e+01	2.037325e+02
4.230000e-06	3.205284e-09	1.121049e-10	2.706112e+01	2.042166e+02
4.240000e-06	3.211140e-09	1.086386e-10	2.711057e+01	2.046951e+02
4.250000e-06	3.216884e-09	1.069658e-10	2.715909e+01	2.051651e+02
4.260000e-06	3.222521e-09	1.082646e-10	2.720665e+01	2.056234e+02
4.270000e-06	3.228009e-09	1.126200e-10	2.725296e+01	2.060668e+02
4.280000e-06	3.233296e-09	1.174728e-10	2.729755e+01	2.064929e+02
4.290000e-06	3.238381e-09	1.214700e-10	2.734042e+01	2.069000e+02
4.300000e-06	3.243309e-09	1.220959e-10	2.738197e+01	2.072876e+02
4.310000e-06	3.248104e-09	1.190446e-10	2.742238e+01	2.076563e+02
4.320000e-06	3.252760e-09	1.154633e-10	2.746167e+01	2.080074e+02
4.330000e-06	3.257277e-09	1.143878e-10	2.749981e+01	2.083430e+02
4.340000e-06	3.261651e-09	1.152554e-10	2.753671e+01	2.086650e+02
4.350000e-06	3.265891e-09	1.161010e-10	2.757252e+01	2.089753e+02
4.360000e-06	3.270021e-09	1.182041e-10	2.760744e+01	2.092751e+02
4.370000e-06	3.274037e-09	1.195318e-10	2.764135e+01	2.095651e+02
4.380000e-06	3.277898e-09	1.199375e-10	2.767397e+01	2.098449e+02
4.390000e-06	3.281591e-09	1.184323e-10	2.770522e+01	2.101140e+02
4.400000e-06	3.285138e-09	1.165516e-10	2.773521e+01	2.103712e+02
4.410000e-06	3.288550e-09	1.171357e-10	2.776397e+01	2.106158e+02
4.420000e-06	3.291802e-09	1.195063e-10	2.779132e+01	2.108475e+02
4.430000e-06	3.294877e-09	1.217461e-10	2.781718e+01	2.110668e+02
4.440000e-06	3.297789e-09	1.204564e-10	2.784170e+01	2.112753e+02
4.450000e-06	3.300546e-09	1.181396e-10	2.786498e+01	2.114756e+02
4.460000e-06	3.303155e-09	1.147546e-10	2.788700e+01	2.116706e+02
4.470000e-06	3.305616e-09	1.113388e-10	2.790778e+01	2.118636e+02
4.480000e-06	3.307898e-09	1.096751e-10	2.792698e+01	2.120574e+02
4.490000e-06	3.309960e-09	1.098118e-10	2.794427e+01	2.122536e+02
4.500000e-06	3.311819e-09	1.131028e-10	2.795990e+01	2.124518e+02
4.510000e-06	3.313530e-09	1.158501e-10	2.797436e+01	2.126499e+02
4.520000e-06	3.315122e-09	1.162861e-10	2.798773e+01	2.128433e+02
4.530000e-06	3.316584e-09	1.129804e-10	2.799988e+01	2.130256e+02
4.540000e-06	3.317900e-09	1.070982e-10	2.801081e+01	2.131891e+02
4.550000e-06	3.319066e-09	1.030253e-10	2.802055e+01	2.133256e+02
4.560000e-06	3.320097e-09	1.009698e-10	2.802919e+01	2.134280e+02
4.570000e-06	3.321013e-09	9.994434e-11	2.803687e+01	2.134912e+02
4.580000e-06	3.321800e-09	1.012986e-10	2.804349e+01	2.135134e+02
4.590000e-06	3.322403e-09	1.061181e-10	2.804856e+01	2.134970e+02
4.600000e-06	3.322798e-09	1.105257e-10	2.805182e+01	2.134490e+02
4.610000e-06	3.323020e-09	1.123105e-10	2.805363e+01	2.133808e+02
4.620000e-06	3.323107e-09	1.119834e-10	2.805436e+01	2.133077e+02
4.630000e-06	3.323070e-09	1.113132e-10	2.805401e+01	2.132478e+02
4.640000e-06	3.322896e-09	1.101744e-10	2.805249e+01	2.132197e+02
4.650000e-06	3.322581e-09	1.075607e-10	2.804982e+01	2.132413e+02
4.660000e-06	3.322125e-09	1.048281e-10	2.804600e+01	2.133272e+02
4.670000e-06	3.321544e-09	9.920854e-11	2.804107e+01	2.134871e+02
4.680000e-06	3.320868e-09	8.998197e-11	2.803530e+01	2.137245e+02
4.690000e-06	3.320105e-09	1.085616e-10	2.802880e+01	2.140356e+02
4.700000e-06	3.319203e-09	1.160481e-10	2.802109e+01	2.144097e+02
4.710000e-06	3.318104e-09	1.359823e-10	2.801166e+01	2.148292e+02
4.720000e-06	3.316773e-09	1.287141e-10	2.800034e+01	2.152718e+02
4.730000e-06	3.315151e-09	7.212016e-11	2.798670e+01	2.157119e+02
4.740000e-06	3.313261e-09	7.349256e-11	2.797076e+01	2.161234e+02
4.750000e-06	3.311261e-09	8.156077e-11	2.795385e+01	2.164818e+02
4.760000e-06	3.309237e-09	9.465858e-11	2.793682e+01	2.167666e+02
4.770000e-06	3.307120e-09	7.251198e-11	2.791895e+01	2.169634e+02
4.780000e-06	3.304788e-09	7.154831e-11	2.789927e+01	2.170648e+02
4.790000e-06	3.302251e-09	1.198854e-10	2.787794e+01	2.170708e+02
4.800000e-06	3.299601e-09	1.375854e-10	2.785564e+01	2.169889e+02
4.810000e-06	3.296805e-09	9.229691e-11	2.783209e+01	2.168322e+02
4.820000e-06	3.293783e-09	6.054517e-11	2.780657e+01	2.166185e+02
4.830000e-06	3.290581e-09	9.478990e-11	2.777952e+01	2.163678e+02
4.840000e-06	3.287302e-09	1.191910e-10	2.775191e+01	2.161000e+02
4.850000e-06	3.283945e-09	9.900343e-11	2.772359e+01	2.158331e+02
4.860000e-06	3.280419e-09	7.206451e-11	2.769379e+01	2.155814e+02
4.870000e-06	3.276702e-09	1.147617e-10	2.766235e+01	2.153540e+02
4.880000e-06	3.272862e-09	1.274271e-10	2.762981e+01	2.151549e+02
4.890000e-06	3.268911e-09	9.077678e-11	2.759639e+01	2.149828e+02
4.900000e-06	3.264782e-09	6.984361e-11	2.756147e+01	2.148318e+02
4.910000e-06	3.260439e-09	1.103238e-10	2.752467e+01	2.146929e+02
4.920000e-06	3.255908e-09	1.366605e-10	2.748636e+01	2.145555e+02
4.930000e-06	3.251226e-09	1.047135e-10	2.744683e+01	2.144086e+02
4.940000e-06	3.246396e-09	1.039110e-10	2.740606e+01	2.142431e+02
4.950000e-06	3.241430e-09	1.175187e-10	2.736411e+01	2.140520e+02
4.960000e-06	3.236329e-09	1.094752e-10	2.732098e+01	2.138317e+02
4.970000e-06	3.231066e-09	7.865689e-11	2.727654e+01	2.135820e+02
4.980000e-06	3.225668e-09	9.524439e-11	2.723100e+01	2.133058e+02
4.990000e-06	3.220181e-09	1.188394e-10	2.718465e+01	2.130085e+02
5.000000e-06	3.214568e-09	9.705739e-11	2.713716e+01	2.126967e+02
5.010000e-06	3.208749e-09	9.867301e-11	2.708787e+01	2.123776e+02
5.020000e-06	3.202718e-09	1.175315e-10	2.703679e+01	2.120576e+02
5.030000e-06	3.196532e-09	1.082613e-10	2.698454e+01	2.117414e+02
5.040000e-06	3.190214e-09	7.348212e-11	2.693128e+01	2.114316e+02
5.050000e-06	3.183760e-09	8.791049e-11	2.687675e+01	2.111286e+02
5.060000e-06	3.177185e-09	1.119790e-10	2.682115e+01	2.108303e+02
5.070000e-06	3.170504e-09	8.946215e-11	2.676474e+01	2.105330e+02
5.080000e-06	3.163694e-09	8.409023e-11	2.670720e+01	2.102319e+02
5.090000e-06	3.156751e-09	1.040813e-10	2.664848e+01	2.099218e+02
5.100000e-06	3.149688e-09	1.034571e-10	2.658878e+01	2.095982e+02
5.110000e-06	3.142492e-09	7.803712e-11	2.652794e+01	2.092576e+02
5.120000e-06	3.135097e-09	8.497446e-11	2.646548e+01	2.088981e+02
5.130000e-06	3.127482e-09	9.626211e-11	2.640122e+01	2.085194e+02
5.140000e-06	3.119706e-09	8.563614e-11	2.633556e+01	2.081231e+02
5.150000e-06	3.111805e-09	9.168301e-11	2.626888e+01	2.077118e+02
5.160000e-06	3.103780e-09	1.023074e-10	2.620111e+01	2.072894e+02
5.170000e-06	3.095623e-09	9.438229e-11	2.613221e+01	2.068596e+02
5.180000e-06	3.087325e-09	8.292276e-11	2.606210e+01	2.064260e+02
5.190000e-06	3.078876e-09	9.245719e-11	2.599076e+01	2.059914e+02
5.200000e-06	3.070299e-09	8.780494e-11	2.591839e+01	2.055577e+02
5.210000e-06	3.061631e-09	7.888919e-11	2.584528e+01	2.051254e+02
5.220000e-06	3.052876e-09	8.749114e-11	2.577143e+01	2.046938e+02
5.230000e-06	3.043991e-09	9.209713e-11	2.569639e+01	2.042617e+02
5.240000e-06	3.034940e-09	8.872253e-11	2.561992e+01	2.038269e+02
5.250000e-06	3.025734e-09	8.324226e-11	2.554219e+01	2.033872e+02
5.260000e-06	3.016403e-09	8.213925e-11	2.546336e+01	2.029406e+02
5.270000e-06	3.006956e-09	7.347260e-11	2.538351e+01	2.024852e+02
5.280000e-06	2.997359e-09	7.510143e-11	2.530241e+01	2.020200e+02
5.290000e-06	2.987599e-09	8.101035e-11	2.521992e+01	2.015444e+02
5.300000e-06	2.977699e-09	8.159777e-11	2.513621e+01	2.010581e+02
5.310000e-06	2.967668e-09	8.925977e-11	2.505141e+01	2.005613e+02
5.320000e-06	2.957496e-09	9.217017e-11	2.496546e+01	2.000539e+02
5.330000e-06	2.947165e-09	9.170604e-11	2.487814e+01	1.995358e+02
5.340000e-06	2.936656e-09	8.561580e-11	2.478928e+01	1.990064e+02
5.350000e-06	2.925941e-09	8.111449e-11	2.469873e+01	1.984647e+02
5.360000e-06	2.915036e-09	7.851711e-11	2.460664e+01	1.979092e+02
5.370000e-06	2.903988e-09	7.909246e-11	2.451337e+01	1.973380e+02
5.380000e-06	2.892827e-09	8.330163e-11	2.441911e+01	1.967495e+02
5.390000e-06	2.881552e-09	8.371472e-11	2.432383e+01	1.961421e+02
5.400000e-06	2.870150e-09	8.998929e-11	2.422749e+01	1.955147e+02
5.410000e-06	2.858623e-09	9.254151e-11	2.413010e+01	1.948673e+02
5.420000e-06	2.846969e-09	9.045598e-11	2.403163e+01	1.942005e+02
5.430000e-06	2.835191e-09	8.941629e-11	2.393219e+01	1.935159e+02
5.440000e-06	2.823322e-09	8.831332e-11	2.383194e+01	1.928161e+02
5.450000e-06	2.811362e-09	8.650986e-11	2.373085e+01	1.921042e+02
5.460000e-06	2.799258e-09	8.586090e-11	2.362864e+01	1.913835e+02
5.470000e-06	2.786970e-09	8.716935e-11	2.352493e+01	1.906575e+02
5.480000e-06	2.774504e-09	8.476814e-11	2.341976e+01	1.899293e+02
5.490000e-06	2.761902e-09	8.655604e-11	2.331346e+01	1.892012e+02
5.500000e-06	2.749199e-09	9.007357e-11	2.320619e+01	1.884750e+02
5.510000e-06	2.736387e-09	9.184547e-11	2.309804e+01	1.877516e+02
5.520000e-06	2.723452e-09	9.323496e-11	2.298893e+01	1.870309e+02
5.530000e-06	2.710393e-09	9.451853e-11	2.287878e+01	1.863125e+02
5.540000e-06	2.697215e-09	9.490168e-11	2.276758e+01	1.855953e+02
5.550000e-06	2.683926e-09	9.231484e-11	2.265536e+01	1.848782e+02
5.560000e-06	2.670532e-09	9.086709e-11	2.254220e+01	1.841601e+02
5.570000e-06	2.657039e-09	8.862912e-11	2.242812e+01	1.834400e+02
5.580000e-06	2.643424e-09	9.000958e-11	2.231304e+01	1.827172e+02
5.590000e-06	2.629658e-09	9.320957e-11	2.219677e+01	1.819913e+02
5.600000e-06	2.615712e-09	9.601317e-11	2.207903e+01	1.812619e+02
5.610000e-06	2.601594e-09	9.809595e-11	2.195987e+01	1.805289e+02
5.620000e-06	2.587355e-09	9.569931e-11	2.183968e+01	1.797916e+02
5.630000e-06	2.573033e-09	9.462225e-11	2.171876e+01	1.790493e+02
5.640000e-06	2.558623e-09	9.160558e-11	2.159710e+01	1.783008e+02
5.650000e-06	2.544109e-09	8.777880e-11	2.147451e+01	1.775443e+02
5.660000e-06	2.529485e-09	8.488778e-11	2.135099e+01	1.767780e+02
5.670000e-06	2.514750e-09	8.475904e-11	2.122664e+01	1.759999e+02
5.680000e-06	2.499897e-09	8.854819e-11	2.110133e+01	1.752080e+02
5.690000e-06	2.484930e-09	9.083299e-11	2.097506e+01	1.744010e+02
5.700000e-06	2.469854e-09	9.064423e-11	2.084785e+01	1.735782e+02
5.710000e-06	2.454659e-09	8.584484e-11	2.071953e+01	1.727398e+02
5.720000e-06	2.439312e-09	8.259073e-11	2.058994e+01	1.718870e+02
5.730000e-06	2.423791e-09	8.213753e-11	2.045898e+01	1.710222e+02
5.740000e-06	2.408115e-09	8.221111e-11	2.032667e+01	1.701484e+02
5.750000e-06	2.392321e-09	8.231384e-11	2.019327e+01	1.692689e+02
5.760000e-06	2.376430e-09	8.139046e-11	2.005902e+01	1.683875e+02
5.770000e-06	2.360454e-09	8.265137e-11	1.992404e+01	1.675072e+02
5.780000e-06	2.344380e-09	8.395854e-11	1.978831e+01	1.666306e+02
5.790000e-06	2.328197e-09	8.293633e-11	1.965169e+01	1.657591e+02
5.800000e-06	2.311906e-09	8.062146e-11	1.951412e+01	1.648927e+02
5.810000e-06	2.295506e-09	8.052993e-11	1.937559e+01	1.640302e+02
5.820000e-06	2.279008e-09	8.394000e-11	1.923622e+01	1.631695e+02
5.830000e-06	2.262427e-09	8.564976e-11	1.909617e+01	1.623073e+02
5.840000e-06	2.245783e-09	8.369097e-11	1.895560e+01	1.614402e+02
5.850000e-06	2.229079e-09	7.907898e-11	1.881447e+01	1.605646e+02
5.860000e-06	2.212296e-09	7.522792e-11	1.867260e+01	1.596776e+02
5.870000e-06	2.195406e-09	7.303572e-11	1.852989e+01	1.587773e+02
5.880000e-06	2.178370e-09	7.243302e-11	1.838605e+01	1.578628e+02
5.890000e-06	2.161172e-09	7.551924e-11	1.824092e+01	1.569346e+02
5.900000e-06	2.143839e-09	8.016486e-11	1.809465e+01	1.559944e+02
5.910000e-06	2.126413e-09	8.385604e-11	1.794753e+01	1.550447e+02
5.920000e-06	2.108916e-09	8.391557e-11	1.779979e+01	1.540888e+02
5.930000e-06	2.091347e-09	7.999551e-11	1.765142e+01	1.531299e+02
5.940000e-06	2.073691e-09	7.545193e-11	1.750232e+01	1.521708e+02
5.950000e-06	2.055944e-09	7.212010e-11	1.735243e+01	1.512138e+02
5.960000e-06	2.038110e-09	6.997255e-11	1.720174e+01	1.502600e+02
5.970000e-06	2.020182e-09	7.140385e-11	1.705023e+01	1.493093e+02
5.980000e-06	2.002156e-09	7.522235e-11	1.689790e+01	1.483605e+02
5.990000e-06	1.984041e-09	7.797629e-11	1.674486e+01	1.474115e+02
6.000000e-06	1.965851e-09	7.799004e-11	1.659122e+01	1.464596e+02
6.010000e-06	1.947599e-09	7.410224e-11	1.643706e+01	1.455019e+02
6.020000e-06	1.929287e-09	6.866090e-11	1.628237e+01	1.445357e+02
6.030000e-06	1.910900e-09	6.592285e-11	1.612701e+01	1.435589e+02
6.040000e-06	1.892408e-09	6.627098e-11	1.597080e+01	1.425703e+02
6.050000e-06	1.873801e-09	6.872839e-11	1.581367e+01	1.415699e+02
6.060000e-06	1.855074e-09	7.111586e-11	1.565557e+01	1.405586e+02
6.070000e-06	1.836226e-09	7.143683e-11	1.549643e+01	1.395380e+02
6.080000e-06	1.817277e-09	6.974771e-11	1.533643e+01	1.385105e+02
6.090000e-06	1.798257e-09	6.513935e-11	1.517581e+01	1.374787e+02
6.100000e-06	1.779175e-09	6.143510e-11	1.501465e+01	1.364451e+02
6.110000e-06	1.760034e-09	6.071537e-11	1.485299e+01	1.354114e+02
6.120000e-06	1.740832e-09	6.246289e-11	1.469081e+01	1.343790e+02
6.130000e-06	1.721561e-09	6.543814e-11	1.452803e+01	1.333481e+02
6.140000e-06	1.702215e-09	6.797725e-11	1.436457e+01	1.323180e+02
6.150000e-06	1.682792e-09	6.873119e-11	1.420037e+01	1.312872e+02
6.160000e-06	1.663283e-09	6.486871e-11	1.403550e+01	1.302537e+02
6.170000e-06	1.643690e-09	5.880135e-11	1.387003e+01	1.292152e+02
6.180000e-06	1.624032e-09	5.272666e-11	1.370396e+01	1.281692e+02
6.190000e-06	1.604305e-09	4.913085e-11	1.353735e+01	1.271138e+02
6.200000e-06	1.584512e-09	4.834134e-11	1.337021e+01	1.260471e+02
6.210000e-06	1.564673e-09	4.983483e-11	1.320260e+01	1.249685e+02
6.220000e-06	1.544789e-09	5.516830e-11	1.303461e+01	1.238775e+02
6.230000e-06	1.524858e-09	5.991990e-11	1.286623e+01	1.227745e+02
6.240000e-06	1.504865e-09	6.120959e-11	1.269727e+01	1.216605e+02
6.250000e-06	1.484771e-09	5.727227e-11	1.252756e+01	1.205366e+02
6.260000e-06	1.464566e-09	5.073429e-11	1.235698e+01	1.194043e+02
6.270000e-06	1.444269e-09	4.556837e-11	1.218562e+01	1.182648e+02
6.280000e-06	1.423874e-09	4.345728e-11	1.201353e+01	1.171196e+02
6.290000e-06	1.403392e-09	4.587942e-11	1.184066e+01	1.159697e+02
6.300000e-06	1.382850e-09	5.006185e-11	1.166712e+01	1.148161e+02
6.310000e-06	1.362254e-09	5.509517e-11	1.149310e+01	1.136597e+02
6.320000e-06	1.341603e-09	5.768160e-11	1.131864e+01	1.125014e+02
6.330000e-06	1.320893e-09	5.645474e-11	1.114371e+01	1.113423e+02
6.340000e-06	1.300124e-09	5.188182e-11	1.096834e+01	1.101834e+02
6.350000e-06	1.279302e-09	4.504343e-11	1.079255e+01	1.090260e+02
6.360000e-06	1.258426e-09	4.023764e-11	1.061629e+01	1.078715e+02
6.370000e-06	1.237489e-09	3.829336e-11	1.043961e+01	1.067213e+02
6.380000e-06	1.216498e-09	3.897981e-11	1.026250e+01	1.055766e+02
6.390000e-06	1.195456e-09	4.047195e-11	1.008489e+01	1.044382e+02
6.400000e-06	1.174368e-09	4.233040e-11	9.906716e+00	1.033066e+02
6.410000e-06	1.153231e-09	4.386600e-11	9.728069e+00	1.021813e+02
6.420000e-06	1.132035e-09	4.273547e-11	9.549044e+00	1.010615e+02
6.430000e-06	1.110781e-09	3.893887e-11	9.369672e+00	9.994535e+01
6.440000e-06	1.089480e-09	3.460971e-11	9.189949e+00	9.883056e+01
6.450000e-06	1.068143e-09	3.089152e-11	9.009829e+00	9.771431e+01
6.460000e-06	1.046771e-09	2.734479e-11	8.829316e+00	9.659356e+01
6.470000e-06	1.025369e-09	2.574997e-11	8.648505e+00	9.546525e+01
6.480000e-06	1.003934e-09	2.649333e-11	8.467465e+00	9.432657e+01
6.490000e-06	9.824677e-10	2.881741e-11	8.286140e+00	9.317509e+01
6.500000e-06	9.609749e-10	3.020606e-11	8.104579e+00	9.200893e+01
6.510000e-06	9.394542e-10	2.918996e-11	7.922765e+00	9.082679e+01
6.520000e-06	9.179064e-10	2.878902e-11	7.740673e+00	8.962788e+01
6.530000e-06	8.963176e-10	2.756607e-11	7.558368e+00	8.841188e+01
6.540000e-06	8.746840e-10	2.295578e-11	7.375770e+00	8.717873e+01
6.550000e-06	8.530155e-10	1.696327e-11	7.192836e+00	8.592854e+01
6.560000e-06	8.313032e-10	1.390684e-11	7.009528e+00	8.466145e+01
6.570000e-06	8.095419e-10	1.482777e-11	6.825814e+00	8.337754e+01
6.580000e-06	7.877371e-10	1.616684e-11	6.641785e+00	8.207690e+01
6.590000e-06	7.658882e-10	1.653329e-11	6.457446e+00	8.075966e+01
6.600000e-06	7.440022e-10	1.656243e-11	6.272714e+00	7.942616e+01
6.610000e-06	7.220816e-10	1.855477e-11	6.087643e+00	7.807711e+01
6.620000e-06	7.001183e-10	2.103015e-11	5.902363e+00	7.671381e+01
6.630000e-06	6.781296e-10	2.013725e-11	5.716797e+00	7.533820e+01
6.640000e-06	6.561154e-10	1.688857e-11	5.530941e+00	7.395299e+01
6.650000e-06	6.340689e-10	1.354227e-11	5.344883e+00	7.256157e+01
6.660000e-06	6.120026e-10	1.162084e-11	5.158551e+00	7.116782e+01
6.670000e-06	5.899184e-10	1.016304e-11	4.971963e+00	6.977582e+01
6.680000e-06	5.678100e-10	9.123692e-12	4.785222e+00	6.838950e+01
6.690000e-06	5.456812e-10	1.037673e-11	4.598324e+00	6.701219e+01
6.700000e-06	5.235351e-10	1.312989e-11	4.411226e+00	6.564628e+01
6.710000e-06	5.013706e-10	1.522633e-11	4.223906e+00	6.429282e+01
6.720000e-06	4.791804e-10	1.527318e-11	4.036396e+00	6.295140e+01
6.730000e-06	4.569680e-10	1.358030e-11	3.848794e+00	6.162008e+01
6.740000e-06	4.347405e-10	1.128730e-11	3.661066e+00	6.029554e+01
6.750000e-06	4.124852e-10	1.037605e-11	3.473120e+00	5.897344e+01
6.760000e-06	3.901983e-10	1.083211e-11	3.285029e+00	5.764884e+01
6.770000e-06	3.678936e-10	1.207176e-11	3.096822e+00	5.631680e+01
6.780000e-06	3.455676e-10	1.344088e-11	2.908390e+00	5.497289e+01
6.790000e-06	3.232051e-10	1.341603e-11	2.719793e+00	5.361375e+01
6.800000e-06	3.008297e-10	1.252145e-11	2.531037e+00	5.223742e+01
6.810000e-06	2.784394e-10	1.110442e-11	2.341992e+00	5.084359e+01
6.820000e-06	2.560208e-10	1.032323e-11	2.152772e+00	4.943357e+01
6.830000e-06	2.335977e-10	8.020386e-12	1.963507e+00	4.801005e+01
6.840000e-06	2.111691e-10	5.807749e-12	1.774239e+00	4.657675e+01
6.850000e-06	1.887303e-10	5.370919e-12	1.584875e+00	4.513788e+01
6.860000e-06	1.662865e-10	4.886421e-12	1.395371e+00	4.369751e+01
6.870000e-06	1.438326e-10	4.525113e-12	1.205792e+00	4.225910e+01
6.880000e-06	1.213664e-10	1.866536e-12	1.016135e+00	4.082497e+01
6.890000e-06	9.889018e-11	-2.371132e-12	8.264942e-01	3.939606e+01
6.900000e-06	7.641457e-11	-7.561759e-12	6.368581e-01	3.797180e+01
6.910000e-06	5.394060e-11	-1.047023e-11	4.472616e-01	3.655027e+01
6.920000e-06	3.146941e-11	-1.043205e-11	2.577250e-01	3.512850e+01
6.930000e-06	9.003677e-12	-7.792894e-12	6.820650e-02	3.370296e+01
6.940000e-06	-1.346754e-11	-2.635885e-12	-1.212705e-01	3.227009e+01
6.950000e-06	-3.594344e-11	-1.769400e-12	-3.107670e-01	3.082686e+01
6.960000e-06	-5.840277e-11	-5.852356e-12	-5.003091e-01	2.937128e+01
6.970000e-06	-8.084554e-11	-1.269407e-11	-6.898246e-01	2.790268e+01
6.980000e-06	-1.032907e-10	-1.756900e-11	-8.792148e-01	2.642193e+01
6.990000e-06	-1.257355e-10	-1.972048e-11	-1.068538e+00	2.493133e+01
7.000000e-06	-1.481707e-10	-2.087487e-11	-1.257859e+00	2.343443e+01
7.010000e-06	-1.705977e-10	-1.825566e-11	-1.447088e+00	2.193555e+01
7.020000e-06	-1.930163e-10	-1.233731e-11	-1.636276e+00	2.043937e+01
7.030000e-06	-2.154213e-10	-6.508668e-12	-1.825387e+00	1.895030e+01
7.040000e-06	-2.378096e-10	-8.037117e-12	-2.014326e+00	1.747210e+01
7.050000e-06	-2.601773e-10	-1.586199e-11	-2.203156e+00	1.600737e+01
7.060000e-06	-2.825314e-10	-2.355242e-11	-2.391820e+00	1.455742e+01
7.070000e-06	-3.048718e-10	-2.741310e-11	-2.580347e+00	1.312210e+01
7.080000e-06	-3.271869e-10	-2.746817e-11	-2.768786e+00	1.169995e+01
7.090000e-06	-3.494810e-10	-2.763891e-11	-2.956916e+00	1.028838e+01
7.100000e-06	-3.717537e-10	-2.538718e-11	-3.144816e+00	8.884012e+00
7.110000e-06	-3.940076e-10	-2.243404e-11	-3.332652e+00	7.483015e+00
7.120000e-06	-4.162294e-10	-2.307065e-11	-3.520399e+00	6.081440e+00
7.130000e-06	-4.384198e-10	-2.856199e-11	-3.707989e+00	4.675500e+00
7.140000e-06	-4.605977e-10	-3.700695e-11	-3.895253e+00	3.261762e+00
7.150000e-06	-4.827503e-10	-4.253315e-11	-4.082234e+00	1.837232e+00
7.160000e-06	-5.048738e-10	-4.274845e-11	-4.269031e+00	3.993576e-01
7.170000e-06	-5.269648e-10	-3.915908e-11	-4.455614e+00	-1.054026e+00
7.180000e-06	-5.490308e-10	-3.723519e-11	-4.642019e+00	-2.524778e+00
7.190000e-06	-5.710727e-10	-3.628382e-11	-4.828190e+00	-4.014506e+00
7.200000e-06	-5.930866e-10	-3.667551e-11	-5.014087e+00	-5.524576e+00
7.210000e-06	-6.150849e-10	-3.973849e-11	-5.199727e+00	-7.056037e+00
7.220000e-06	-6.370632e-10	-4.361923e-11	-5.385172e+00	-8.609471e+00
7.230000e-06	-6.590137e-10	-4.663602e-11	-5.570485e+00	-1.018478e+01
7.240000e-06	-6.809296e-10	-4.638862e-11	-5.755539e+00	-1.178094e+01
7.250000e-06	-7.028112e-10	-4.378719e-11	-5.940299e+00	-1.339581e+01
7.260000e-06	-7.246623e-10	-4.087927e-11	-6.124822e+00	-1.502597e+01
7.270000e-06	-7.464830e-10	-4.082502e-11	-6.309078e+00	-1.666672e+01
7.280000e-06	-7.682635e-10	-4.281512e-11	-6.493052e+00	-1.831222e+01
7.290000e-06	-7.900085e-10	-4.513320e-11	-6.676647e+00	-1.995584e+01
7.300000e-06	-8.117183e-10	-4.711695e-11	-6.859798e+00	-2.159066e+01
7.310000e-06	-8.333770e-10	-4.762387e-11	-7.042622e+00	-2.321003e+01
7.320000e-06	-8.549902e-10	-4.708578e-11	-7.225175e+00	-2.480827e+01
7.330000e-06	-8.765653e-10	-4.694523e-11	-7.407432e+00	-2.638134e+01
7.340000e-06	-8.981120e-10	-4.818894e-11	-7.589438e+00	-2.792731e+01
7.350000e-06	-9.196339e-10	-4.916747e-11	-7.771203e+00	-2.944677e+01
7.360000e-06	-9.411257e-10	-5.279570e-11	-7.952665e+00	-3.094286e+01
7.370000e-06	-9.625886e-10	-5.890703e-11	-8.133838e+00	-3.242116e+01
7.380000e-06	-9.840146e-10	-6.330099e-11	-8.314765e+00	-3.388916e+01
7.390000e-06	-1.005406e-09	-6.577161e-11	-8.495422e+00	-3.535560e+01
7.400000e-06	-1.026770e-09	-6.406893e-11	-8.675746e+00	-3.682959e+01
7.410000e-06	-1.048098e-09	-6.163809e-11	-8.855727e+00	-3.831968e+01
7.420000e-06	-1.069379e-09	-6.008193e-11	-9.035355e+00	-3.983295e+01
7.430000e-06	-1.090609e-09	-5.908332e-11	-9.214613e+00	-4.137425e+01
7.440000e-06	-1.111792e-09	-5.985545e-11	-9.393454e+00	-4.294571e+01
7.450000e-06	-1.132930e-09	-6.156959e-11	-9.571864e+00	-4.454649e+01
7.460000e-06	-1.154019e-09	-6.535238e-11	-9.749844e+00	-4.617289e+01
7.470000e-06	-1.175049e-09	-6.810455e-11	-9.927362e+00	-4.781876e+01
7.480000e-06	-1.196018e-09	-6.810688e-11	-1.010444e+01	-4.947618e+01
7.490000e-06	-1.216941e-09	-6.524127e-11	-1.028108e+01	-5.113633e+01
7.500000e-06	-1.237813e-09	-6.227551e-11	-1.045724e+01	-5.279038e+01
7.510000e-06	-1.258630e-09	-6.213327e-11	-1.063298e+01	-5.443041e+01
7.520000e-06	-1.279392e-09	-6.343957e-11	-1.080833e+01	-5.605013e+01
7.530000e-06	-1.300102e-09	-6.705910e-11	-1.098325e+01	-5.764542e+01
7.540000e-06	-1.320768e-09	-7.221515e-11	-1.115768e+01	-5.921459e+01
7.550000e-06	-1.341386e-09	-7.748981e-11	-1.133164e+01	-6.075832e+01
7.560000e-06	-1.361932e-09	-7.984398e-11	-1.150505e+01	-6.227938e+01
7.570000e-06	-1.382384e-09	-7.767972e-11	-1.167772e+01	-6.378205e+01
7.580000e-06	-1.402744e-09	-7.519960e-11	-1.184967e+01	-6.527153e+01
7.590000e-06	-1.423014e-09	-7.515715e-11	-1.202084e+01	-6.675320e+01
7.600000e-06	-1.443198e-09	-7.774335e-11	-1.219115e+01	-6.823199e+01
7.610000e-06	-1.463300e-09	-8.104524e-11	-1.236073e+01	-6.971180e+01
7.620000e-06	-1.483321e-09	-8.351225e-11	-1.252971e+01	-7.119525e+01
7.630000e-06	-1.503277e-09	-8.620468e-11	-1.269821e+01	-7.268347e+01
7.640000e-06	-1.523174e-09	-8.826451e-11	-1.286622e+01	-7.417620e+01
7.650000e-06	-1.543014e-09	-8.863983e-11	-1.303376e+01	-7.567209e+01
7.660000e-06	-1.562797e-09	-8.758741e-11	-1.320085e+01	-7.716903e+01
7.670000e-06	-1.582520e-09	-8.687000e-11	-1.336741e+01	-7.866460e+01
7.680000e-06	-1.602176e-09	-8.724099e-11	-1.353337e+01	-8.015656e+01
7.690000e-06	-1.621763e-09	-8.845934e-11	-1.369876e+01	-8.164313e+01
7.700000e-06	-1.641284e-09	-9.040550e-11	-1.386363e+01	-8.312327e+01
7.710000e-06	-1.660730e-09	-9.213602e-11	-1.402792e+01	-8.459679e+01
7.720000e-06	-1.680100e-09	-9.325735e-11	-1.419154e+01	-8.606425e+01
7.730000e-06	-1.699401e-09	-9.327565e-11	-1.435451e+01	-8.752682e+01
7.740000e-06	-1.718636e-09	-9.323543e-11	-1.451697e+01	-8.898601e+01
7.750000e-06	-1.737807e-09	-9.290452e-11	-1.467892e+01	-9.044335e+01
7.760000e-06	-1.756917e-09	-9.436935e-11	-1.484034e+01	-9.190010e+01
7.770000e-06	-1.775975e-09	-9.740396e-11	-1.500121e+01	-9.335701e+01
7.780000e-06	-1.794974e-09	-9.971999e-11	-1.516152e+01	-9.481417e+01
7.790000e-06	-1.813883e-09	-1.023908e-10	-1.532111e+01	-9.627095e+01
7.800000e-06	-1.832674e-09	-1.044688e-10	-1.547969e+01	-9.772611e+01
7.810000e-06	-1.851329e-09	-1.061089e-10	-1.563717e+01	-9.917792e+01
7.820000e-06	-1.869852e-09	-1.063782e-10	-1.579365e+01	-1.006244e+02
7.830000e-06	-1.888270e-09	-1.045435e-10	-1.594926e+01	-1.020635e+02
7.840000e-06	-1.906610e-09	-1.018747e-10	-1.610423e+01	-1.034935e+02
7.850000e-06	-1.924885e-09	-1.005337e-10	-1.625858e+01	-1.049132e+02
7.860000e-06	-1.943096e-09	-1.018609e-10	-1.641231e+01	-1.063218e+02
7.870000e-06	-1.961230e-09	-1.042855e-10	-1.656539e+01	-1.077191e+02
7.880000e-06	-1.979276e-09	-1.068034e-10	-1.671776e+01	-1.091059e+02
7.890000e-06	-1.997230e-09	-1.081060e-10	-1.686937e+01	-1.104831e+02
7.900000e-06	-2.015090e-09	-1.091842e-10	-1.702022e+01	-1.118523e+02
7.910000e-06	-2.032858e-09	-1.099194e-10	-1.717025e+01	-1.132150e+02
7.920000e-06	-2.050538e-09	-1.100858e-10	-1.731950e+01	-1.145732e+02
7.930000e-06	-2.068136e-09	-1.099366e-10	-1.746804e+01	-1.159282e+02
7.940000e-06	-2.085663e-09	-1.084547e-10	-1.761599e+01	-1.172815e+02
7.950000e-06	-2.103129e-09	-1.076808e-10	-1.776341e+01	-1.186340e+02
7.960000e-06	-2.120523e-09	-1.083286e-10	-1.791025e+01	-1.199860e+02
7.970000e-06	-2.137810e-09	-1.097486e-10	-1.805620e+01	-1.213374e+02
7.980000e-06	-2.154950e-09	-1.113923e-10	-1.820088e+01	-1.226876e+02
7.990000e-06	-2.171944e-09	-1.127971e-10	-1.834422e+01	-1.240353e+02
8.000000e-06	-2.188816e-09	-1.133353e-10	-1.848649e+01	-1.253788e+02
8.010000e-06	-2.205585e-09	-1.122839e-10	-1.862800e+01	-1.267161e+02
8.020000e-06	-2.222271e-09	-1.097971e-10	-1.876891e+01	-1.280445e+02
8.030000e-06	-2.238878e-09	-1.066030e-10	-1.890921e+01	-1.293616e+02
8.040000e-06	-2.255400e-09	-1.075672e-10	-1.904875e+01	-1.306647e+02
8.050000e-06	-2.271825e-09	-1.117290e-10	-1.918744e+01	-1.319514e+02
8.060000e-06	-2.288151e-09	-1.134486e-10	-1.932529e+01	-1.332197e+02
8.070000e-06	-2.304385e-09	-1.142106e-10	-1.946229e+01	-1.344684e+02
8.080000e-06	-2.320523e-09	-1.153985e-10	-1.959843e+01	-1.356973e+02
8.090000e-06	-2.336563e-09	-1.159223e-10	-1.973377e+01	-1.369071e+02
8.100000e-06	-2.352516e-09	-1.131883e-10	-1.986839e+01	-1.380999e+02
8.110000e-06	-2.368395e-09	-1.088470e-10	-2.000242e+01	-1.392789e+02
8.120000e-06	-2.384183e-09	-1.075109e-10	-2.013569e+01	-1.404483e+02
8.130000e-06	-2.399838e-09	-1.087934e-10	-2.026771e+01	-1.416130e+02
8.140000e-06	-2.415323e-09	-1.105253e-10	-2.039826e+01	-1.427784e+02
8.150000e-06	-2.430636e-09	-1.112295e-10	-2.052740e+01	-1.439496e+02
8.160000e-06	-2.445806e-09	-1.121365e-10	-2.065540e+01	-1.451309e+02
8.170000e-06	-2.460854e-09	-1.140790e-10	-2.078243e+01	-1.463257e+02
8.180000e-06	-2.475792e-09	-1.155150e-10	-2.090847e+01	-1.475354e+02
8.190000e-06	-2.490620e-09	-1.144243e-10	-2.103353e+01	-1.487595e+02
8.200000e-06	-2.505331e-09	-1.109203e-10	-2.115769e+01	-1.499955e+02
8.210000e-06	-2.519926e-09	-1.083792e-10	-2.128094e+01	-1.512389e+02
8.220000e-06	-2.534406e-09	-1.077751e-10	-2.140321e+01	-1.524834e+02
8.230000e-06	-2.548791e-09	-1.079680e-10	-2.152461e+01	-1.537218e+02
8.240000e-06	-2.563089e-09	-1.085127e-10	-2.164533e+01	-1.549460e+02
8.250000e-06	-2.577297e-09	-1.096970e-10	-2.176530e+01	-1.561487e+02
8.260000e-06	-2.591389e-09	-1.113057e-10	-2.188425e+01	-1.573233e+02
8.270000e-06	-2.605329e-09	-1.107722e-10	-2.200181e+01	-1.584649e+02
8.280000e-06	-2.619106e-09	-1.100927e-10	-2.211797e+01	-1.595706e+02
8.290000e-06	-2.632734e-09	-1.096311e-10	-2.223292e+01	-1.606402e+02
8.300000e-06	-2.646244e-09	-1.097830e-10	-2.234690e+01	-1.616755e+02
8.310000e-06	-2.659654e-09	-1.125769e-10	-2.246009e+01	-1.626806e+02
8.320000e-06	-2.672962e-09	-1.167397e-10	-2.257244e+01	-1.636609e+02
8.330000e-06	-2.686158e-09	-1.205889e-10	-2.268379e+01	-1.646230e+02
8.340000e-06	-2.699237e-09	-1.209832e-10	-2.279415e+01	-1.655735e+02
8.350000e-06	-2.712192e-09	-1.173406e-10	-2.290354e+01	-1.665186e+02
8.360000e-06	-2.725027e-09	-1.118568e-10	-2.301194e+01	-1.674633e+02
8.370000e-06	-2.737760e-09	-1.092090e-10	-2.311945e+01	-1.684111e+02
8.380000e-06	-2.750397e-09	-1.102518e-10	-2.322609e+01	-1.693638e+02
8.390000e-06	-2.762923e-09	-1.131909e-10	-2.333171e+01	-1.703213e+02
8.400000e-06	-2.775301e-09	-1.168976e-10	-2.343608e+01	-1.712821e+02
8.410000e-06	-2.787511e-09	-1.192259e-10	-2.353911e+01	-1.722435e+02
8.420000e-06	-2.799564e-09	-1.200401e-10	-2.364084e+01	-1.732025e+02
8.430000e-06	-2.811488e-09	-1.169045e-10	-2.374150e+01	-1.741557e+02
8.440000e-06	-2.823310e-09	-1.109730e-10	-2.384128e+01	-1.751004e+02
8.450000e-06	-2.835020e-09	-1.073342e-10	-2.394012e+01	-1.760345e+02
8.460000e-06	-2.846605e-09	-1.090943e-10	-2.403795e+01	-1.769568e+02
8.470000e-06	-2.858068e-09	-1.157426e-10	-2.413462e+01	-1.778672e+02
8.480000e-06	-2.869399e-09	-1.207363e-10	-2.423013e+01	-1.787661e+02
8.490000e-06	-2.880609e-09	-1.223798e-10	-2.432461e+01	-1.796545e+02
8.500000e-06	-2.891711e-09	-1.222104e-10	-2.441823e+01	-1.805333e+02
8.510000e-06	-2.902697e-09	-1.202439e-10	-2.451093e+01	-1.814032e+02
8.520000e-06	-2.913534e-09	-1.164631e-10	-2.460234e+01	-1.822642e+02
8.530000e-06	-2.924184e-09	-1.133355e-10	-2.469221e+01	-1.831154e+02
8.540000e-06	-2.934654e-09	-1.119837e-10	-2.478049e+01	-1.839554e+02
8.550000e-06	-2.944969e-09	-1.111574e-10	-2.486742e+01	-1.847818e+02
8.560000e-06	-2.955142e-09	-1.132835e-10	-2.495321e+01	-1.855922e+02
8.570000e-06	-2.965177e-09	-1.161045e-10	-2.503785e+01	-1.863839e+02
8.580000e-06	-2.975071e-09	-1.182635e-10	-2.512130e+01	-1.871552e+02
8.590000e-06	-2.984803e-09	-1.206669e-10	-2.520343e+01	-1.879048e+02
8.600000e-06	-2.994341e-09	-1.221452e-10	-2.528394e+01	-1.886329e+02
8.610000e-06	-3.003691e-09	-1.212097e-10	-2.536285e+01	-1.893407e+02
8.620000e-06	-3.012908e-09	-1.175438e-10	-2.544061e+01	-1.900308e+02
8.630000e-06	-3.022022e-09	-1.149465e-10	-2.551749e+01	-1.907066e+02
8.640000e-06	-3.031017e-09	-1.130375e-10	-2.559340e+01	-1.913720e+02
8.650000e-06	-3.039888e-09	-1.121614e-10	-2.566823e+01	-1.920309e+02
8.660000e-06	-3.048648e-09	-1.108598e-10	-2.574210e+01	-1.926867e+02
8.670000e-06	-3.057304e-09	-1.100752e-10	-2.581517e+01	-1.933418e+02
8.680000e-06	-3.065848e-09	-1.125080e-10	-2.588731e+01	-1.939971e+02
8.690000e-06	-3.074268e-09	-1.155837e-10	-2.595836e+01	-1.946524e+02
8.700000e-06	-3.082557e-09	-1.179372e-10	-2.602828e+01	-1.953058e+02
8.710000e-06	-3.090715e-09	-1.162689e-10	-2.609707e+01	-1.959544e+02
8.720000e-06	-3.098748e-09	-1.130917e-10	-2.616480e+01	-1.965944e+02
8.730000e-06	-3.106664e-09	-1.107962e-10	-2.623157e+01	-1.972223e+02
8.740000e-06	-3.114464e-09	-1.091656e-10	-2.629737e+01	-1.978344e+02
8.750000e-06	-3.122119e-09	-1.081590e-10	-2.636188e+01	-1.984283e+02
8.760000e-06	-3.129586e-09	-1.066257e-10	-2.642481e+01	-1.990027e+02
8.770000e-06	-3.136867e-09	-1.061224e-10	-2.648618e+01	-1.995577e+02
8.780000e-06	-3.144003e-09	-1.073662e-10	-2.654628e+01	-2.000948e+02
8.790000e-06	-3.151020e-09	-1.099405e-10	-2.660542e+01	-2.006164e+02
8.800000e-06	-3.157913e-09	-1.088802e-10	-2.666350e+01	-2.011259e+02
8.810000e-06	-3.164662e-09	-1.043609e-10	-2.672038e+01	-2.016266e+02
8.820000e-06	-3.171267e-09	-1.017387e-10	-2.677612e+01	-2.021216e+02
8.830000e-06	-3.177735e-09	-1.031656e-10	-2.683065e+01	-2.026131e+02
8.840000e-06	-3.184074e-09	-1.045840e-10	-2.688414e+01	-2.031022e+02
8.850000e-06	-3.190298e-09	-1.015475e-10	-2.693668e+01	-2.035887e+02
8.860000e-06	-3.196391e-09	-9.860829e-11	-2.698794e+01	-2.040711e+02
8.870000e-06	-3.202295e-09	-9.880861e-11	-2.703752e+01	-2.045469e+02
8.880000e-06	-3.207993e-09	-1.018212e-10	-2.708547e+01	-2.050130e+02
8.890000e-06	-3.213530e-09	-1.037714e-10	-2.713215e+01	-2.054662e+02
8.900000e-06	-3.218949e-09	-1.032771e-10	-2.717785e+01	-2.059034e+02
8.910000e-06	-3.224245e-09	-1.028327e-10	-2.722242e+01	-2.063226e+02
8.920000e-06	-3.229395e-09	-1.034834e-10	-2.726581e+01	-2.067225e+02
8.930000e-06	-3.234396e-09	-1.033519e-10	-2.730798e+01	-2.071030e+02
8.940000e-06	-3.239249e-09	-9.869907e-11	-2.734894e+01	-2.074650e+02
8.950000e-06	-3.243983e-09	-9.393437e-11	-2.738886e+01	-2.078102e+02
8.960000e-06	-3.248621e-09	-9.416996e-11	-2.742785e+01	-2.081405e+02
8.970000e-06	-3.253120e-09	-1.004216e-10	-2.746564e+01	-2.084580e+02
8.980000e-06	-3.257416e-09	-1.076243e-10	-2.750180e+01	-2.087644e+02
8.990000e-06	-3.261509e-09	-1.094448e-10	-2.753630e+01	-2.090606e+02
9.000000e-06	-3.265448e-09	-1.087300e-10	-2.756947e+01	-2.093470e+02
9.010000e-06	-3.269266e-09	-1.073001e-10	-2.760161e+01	-2.096230e+02
9.020000e-06	-3.272957e-09	-1.033442e-10	-2.763271e+01	-2.098878e+02
9.030000e-06	-3.276511e-09	-9.755350e-11	-2.766265e+01	-2.101405e+02
9.040000e-06	-3.279928e-09	-9.532589e-11	-2.769144e+01	-2.103803e+02
9.050000e-06	-3.283201e-09	-9.906267e-11	-2.771905e+01	-2.106073e+02
9.060000e-06	-3.286349e-09	-1.050837e-10	-2.774555e+01	-2.108225e+02
9.070000e-06	-3.289378e-09	-1.078960e-10	-2.777100e+01	-2.110277e+02
9.080000e-06	-3.292241e-09	-1.071020e-10	-2.779505e+01	-2.112257e+02
9.090000e-06	-3.294880e-09	-1.053547e-10	-2.781730e+01	-2.114197e+02
9.100000e-06	-3.297312e-09	-1.025521e-10	-2.783776e+01	-2.116128e+02
9.110000e-06	-3.299586e-09	-1.012128e-10	-2.785673e+01	-2.118075e+02
9.120000e-06	-3.301713e-09	-1.011623e-10	-2.787446e+01	-2.120047e+02
9.130000e-06	-3.303690e-09	-1.017775e-10	-2.789105e+01	-2.122034e+02
9.140000e-06	-3.305529e-09	-1.035586e-10	-2.790645e+01	-2.124005e+02
9.150000e-06	-3.307218e-09	-1.071290e-10	-2.792062e+01	-2.125907e+02
9.160000e-06	-3.308768e-09	-1.118704e-10	-2.793369e+01	-2.127669e+02
9.170000e-06	-3.310207e-09	-1.130114e-10	-2.794578e+01	-2.129213e+02
9.180000e-06	-3.311506e-09	-1.124383e-10	-2.795667e+01	-2.130459e+02
9.190000e-06	-3.312611e-09	-1.114877e-10	-2.796598e+01	-2.131341e+02
9.200000e-06	-3.313511e-09	-1.105669e-10	-2.797360e+01	-2.131821e+02
9.210000e-06	-3.314260e-09	-1.085729e-10	-2.797986e+01	-2.131894e+02
9.220000e-06	-3.314893e-09	-1.054531e-10	-2.798506e+01	-2.131601e+02
9.230000e-06	-3.315395e-09	-1.046368e-10	-2.798918e+01	-2.131031e+02
9.240000e-06	-3.315754e-09	-1.065543e-10	-2.799211e+01	-2.130312e+02
9.250000e-06	-3.315964e-09	-1.099999e-10	-2.799384e+01	-2.129610e+02
