# Temperatura_=_20.0
# Concentracion g/m^3_=_10770.0
# C_Vs_to_Am_M_A/Vsm_=_116720831517.84952
# pendiente_HvsI_1/m_=_3716.3
# ordenada_HvsI_A/m_=_1297.0
# frecuencia_Hz_=_108181.33067894085
# Promedio de 7 ciclos

Tiempo_(s)	Campo_(V.s)	Magnetizacion_(V.s)	Campo_(kA/m)	Magnetizacion_(A/m)
0.000000e+00	-5.525463e-09	-7.478738e-09	-5.027494e+01	-8.686683e+02
1.000000e-08	-5.525431e-09	-7.481453e-09	-5.027465e+01	-8.687504e+02
2.000000e-08	-5.525186e-09	-7.486949e-09	-5.027241e+01	-8.688632e+02
3.000000e-08	-5.524667e-09	-7.491896e-09	-5.026769e+01	-8.689949e+02
4.000000e-08	-5.523871e-09	-7.493835e-09	-5.026045e+01	-8.691275e+02
5.000000e-08	-5.522864e-09	-7.494916e-09	-5.025129e+01	-8.692393e+02
6.000000e-08	-5.521628e-09	-7.495526e-09	-5.024004e+01	-8.693077e+02
7.000000e-08	-5.520148e-09	-7.495855e-09	-5.022657e+01	-8.693127e+02
8.000000e-08	-5.518423e-09	-7.490070e-09	-5.021088e+01	-8.692400e+02
9.000000e-08	-5.516338e-09	-7.494817e-09	-5.019191e+01	-8.690841e+02
1.000000e-07	-5.513733e-09	-7.536721e-09	-5.016820e+01	-8.688492e+02
1.100000e-07	-5.510653e-09	-7.553448e-09	-5.014018e+01	-8.685506e+02
1.200000e-07	-5.507440e-09	-7.485360e-09	-5.011094e+01	-8.682132e+02
1.300000e-07	-5.504289e-09	-7.426287e-09	-5.008227e+01	-8.678695e+02
1.400000e-07	-5.500926e-09	-7.499943e-09	-5.005168e+01	-8.675562e+02
1.500000e-07	-5.497108e-09	-7.586544e-09	-5.001694e+01	-8.673101e+02
1.600000e-07	-5.493027e-09	-7.466082e-09	-4.997981e+01	-8.671640e+02
1.700000e-07	-5.488879e-09	-7.380246e-09	-4.994206e+01	-8.671424e+02
1.800000e-07	-5.484466e-09	-7.533160e-09	-4.990191e+01	-8.672585e+02
1.900000e-07	-5.479638e-09	-7.571827e-09	-4.985798e+01	-8.675120e+02
2.000000e-07	-5.474652e-09	-7.439193e-09	-4.981262e+01	-8.678887e+02
2.100000e-07	-5.469605e-09	-7.438860e-09	-4.976669e+01	-8.683614e+02
2.200000e-07	-5.464231e-09	-7.552325e-09	-4.971779e+01	-8.688929e+02
2.300000e-07	-5.458493e-09	-7.504991e-09	-4.966558e+01	-8.694391e+02
2.400000e-07	-5.452591e-09	-7.434025e-09	-4.961189e+01	-8.699542e+02
2.500000e-07	-5.446493e-09	-7.532312e-09	-4.955640e+01	-8.703950e+02
2.600000e-07	-5.440113e-09	-7.535682e-09	-4.949835e+01	-8.707255e+02
2.700000e-07	-5.433567e-09	-7.442877e-09	-4.943879e+01	-8.709205e+02
2.800000e-07	-5.426808e-09	-7.485881e-09	-4.937729e+01	-8.709678e+02
2.900000e-07	-5.419696e-09	-7.545202e-09	-4.931258e+01	-8.708692e+02
3.000000e-07	-5.412328e-09	-7.438139e-09	-4.924554e+01	-8.706396e+02
3.100000e-07	-5.404796e-09	-7.399858e-09	-4.917701e+01	-8.703047e+02
3.200000e-07	-5.396936e-09	-7.513615e-09	-4.910549e+01	-8.698977e+02
3.300000e-07	-5.388749e-09	-7.475177e-09	-4.903100e+01	-8.694553e+02
3.400000e-07	-5.380408e-09	-7.404719e-09	-4.895511e+01	-8.690131e+02
3.500000e-07	-5.371802e-09	-7.462430e-09	-4.887680e+01	-8.686021e+02
3.600000e-07	-5.362835e-09	-7.466571e-09	-4.879522e+01	-8.682451e+02
3.700000e-07	-5.353613e-09	-7.403198e-09	-4.871130e+01	-8.679550e+02
3.800000e-07	-5.344150e-09	-7.417236e-09	-4.862520e+01	-8.677335e+02
3.900000e-07	-5.334402e-09	-7.453687e-09	-4.853651e+01	-8.675724e+02
4.000000e-07	-5.324387e-09	-7.404369e-09	-4.844538e+01	-8.674549e+02
4.100000e-07	-5.314103e-09	-7.416732e-09	-4.835181e+01	-8.673584e+02
4.200000e-07	-5.303518e-09	-7.433952e-09	-4.825550e+01	-8.672579e+02
4.300000e-07	-5.292685e-09	-7.398761e-09	-4.815693e+01	-8.671289e+02
4.400000e-07	-5.281656e-09	-7.397804e-09	-4.805659e+01	-8.669509e+02
4.500000e-07	-5.270408e-09	-7.405858e-09	-4.795424e+01	-8.667092e+02
4.600000e-07	-5.258939e-09	-7.399292e-09	-4.784988e+01	-8.663963e+02
4.700000e-07	-5.247228e-09	-7.390100e-09	-4.774333e+01	-8.660128e+02
4.800000e-07	-5.235245e-09	-7.400596e-09	-4.763430e+01	-8.655660e+02
4.900000e-07	-5.223026e-09	-7.380449e-09	-4.752312e+01	-8.650690e+02
5.000000e-07	-5.210595e-09	-7.370765e-09	-4.741002e+01	-8.645382e+02
5.100000e-07	-5.197934e-09	-7.369134e-09	-4.729481e+01	-8.639914e+02
5.200000e-07	-5.185044e-09	-7.354706e-09	-4.717753e+01	-8.634455e+02
5.300000e-07	-5.171894e-09	-7.364010e-09	-4.705788e+01	-8.629142e+02
5.400000e-07	-5.158433e-09	-7.360312e-09	-4.693540e+01	-8.624073e+02
5.500000e-07	-5.144705e-09	-7.350264e-09	-4.681050e+01	-8.619295e+02
5.600000e-07	-5.130759e-09	-7.344854e-09	-4.668360e+01	-8.614808e+02
5.700000e-07	-5.116587e-09	-7.345990e-09	-4.655465e+01	-8.610572e+02
5.800000e-07	-5.102187e-09	-7.332244e-09	-4.642363e+01	-8.606514e+02
5.900000e-07	-5.087545e-09	-7.324247e-09	-4.629040e+01	-8.602548e+02
6.000000e-07	-5.072631e-09	-7.327918e-09	-4.615471e+01	-8.598581e+02
6.100000e-07	-5.057433e-09	-7.320981e-09	-4.601642e+01	-8.594535e+02
6.200000e-07	-5.041956e-09	-7.329365e-09	-4.587560e+01	-8.590346e+02
6.300000e-07	-5.026246e-09	-7.329435e-09	-4.573266e+01	-8.585974e+02
6.400000e-07	-5.010301e-09	-7.322864e-09	-4.558758e+01	-8.581405e+02
6.500000e-07	-4.994102e-09	-7.315669e-09	-4.544019e+01	-8.576643e+02
6.600000e-07	-4.977685e-09	-7.313151e-09	-4.529081e+01	-8.571706e+02
6.700000e-07	-4.961072e-09	-7.309894e-09	-4.513966e+01	-8.566621e+02
6.800000e-07	-4.944278e-09	-7.299670e-09	-4.498685e+01	-8.561414e+02
6.900000e-07	-4.927296e-09	-7.297499e-09	-4.483233e+01	-8.556106e+02
7.000000e-07	-4.910108e-09	-7.292096e-09	-4.467594e+01	-8.550710e+02
7.100000e-07	-4.892711e-09	-7.297146e-09	-4.451765e+01	-8.545231e+02
7.200000e-07	-4.875105e-09	-7.301200e-09	-4.435746e+01	-8.539667e+02
7.300000e-07	-4.857277e-09	-7.300989e-09	-4.419524e+01	-8.534013e+02
7.400000e-07	-4.839186e-09	-7.297882e-09	-4.403064e+01	-8.528265e+02
7.500000e-07	-4.820843e-09	-7.291021e-09	-4.386374e+01	-8.522425e+02
7.600000e-07	-4.802269e-09	-7.286979e-09	-4.369474e+01	-8.516504e+02
7.700000e-07	-4.783472e-09	-7.273714e-09	-4.352371e+01	-8.510521e+02
7.800000e-07	-4.764469e-09	-7.263628e-09	-4.335081e+01	-8.504505e+02
7.900000e-07	-4.745247e-09	-7.258848e-09	-4.317591e+01	-8.498487e+02
8.000000e-07	-4.725792e-09	-7.264110e-09	-4.299889e+01	-8.492498e+02
8.100000e-07	-4.706104e-09	-7.269278e-09	-4.281976e+01	-8.486565e+02
8.200000e-07	-4.686195e-09	-7.266870e-09	-4.263861e+01	-8.480699e+02
8.300000e-07	-4.666077e-09	-7.261623e-09	-4.245556e+01	-8.474898e+02
8.400000e-07	-4.645751e-09	-7.251169e-09	-4.227062e+01	-8.469144e+02
8.500000e-07	-4.625225e-09	-7.242444e-09	-4.208385e+01	-8.463402e+02
8.600000e-07	-4.604526e-09	-7.229435e-09	-4.189552e+01	-8.457623e+02
8.700000e-07	-4.583641e-09	-7.221169e-09	-4.170550e+01	-8.451757e+02
8.800000e-07	-4.562541e-09	-7.216179e-09	-4.151351e+01	-8.445752e+02
8.900000e-07	-4.541224e-09	-7.214648e-09	-4.131955e+01	-8.439566e+02
9.000000e-07	-4.519688e-09	-7.213544e-09	-4.112360e+01	-8.433173e+02
9.100000e-07	-4.497941e-09	-7.204630e-09	-4.092572e+01	-8.426568e+02
9.200000e-07	-4.475997e-09	-7.195770e-09	-4.072606e+01	-8.419764e+02
9.300000e-07	-4.453859e-09	-7.184882e-09	-4.052464e+01	-8.412795e+02
9.400000e-07	-4.431513e-09	-7.177785e-09	-4.032131e+01	-8.405707e+02
9.500000e-07	-4.408942e-09	-7.168929e-09	-4.011594e+01	-8.398552e+02
9.600000e-07	-4.386144e-09	-7.158850e-09	-3.990851e+01	-8.391379e+02
9.700000e-07	-4.363112e-09	-7.150339e-09	-3.969894e+01	-8.384225e+02
9.800000e-07	-4.339833e-09	-7.141068e-09	-3.948714e+01	-8.377105e+02
9.900000e-07	-4.316327e-09	-7.133551e-09	-3.927326e+01	-8.370010e+02
1.000000e-06	-4.292622e-09	-7.123875e-09	-3.905757e+01	-8.362907e+02
1.010000e-06	-4.268727e-09	-7.117316e-09	-3.884016e+01	-8.355735e+02
1.020000e-06	-4.244633e-09	-7.112668e-09	-3.862093e+01	-8.348418e+02
1.030000e-06	-4.220331e-09	-7.105659e-09	-3.839981e+01	-8.340869e+02
1.040000e-06	-4.195844e-09	-7.093397e-09	-3.817702e+01	-8.333005e+02
1.050000e-06	-4.171187e-09	-7.079126e-09	-3.795266e+01	-8.324752e+02
1.060000e-06	-4.146335e-09	-7.065371e-09	-3.772654e+01	-8.316062e+02
1.070000e-06	-4.121285e-09	-7.050189e-09	-3.749862e+01	-8.306913e+02
1.080000e-06	-4.096060e-09	-7.038185e-09	-3.726910e+01	-8.297316e+02
1.090000e-06	-4.070695e-09	-7.025180e-09	-3.703831e+01	-8.287314e+02
1.100000e-06	-4.045172e-09	-7.012905e-09	-3.680608e+01	-8.276979e+02
1.110000e-06	-4.019455e-09	-7.002165e-09	-3.657208e+01	-8.266401e+02
1.120000e-06	-3.993536e-09	-6.991481e-09	-3.633626e+01	-8.255681e+02
1.130000e-06	-3.967436e-09	-6.979883e-09	-3.609878e+01	-8.244919e+02
1.140000e-06	-3.941160e-09	-6.965564e-09	-3.585969e+01	-8.234202e+02
1.150000e-06	-3.914675e-09	-6.954247e-09	-3.561871e+01	-8.223601e+02
1.160000e-06	-3.887985e-09	-6.946363e-09	-3.537587e+01	-8.213159e+02
1.170000e-06	-3.861125e-09	-6.939470e-09	-3.513148e+01	-8.202895e+02
1.180000e-06	-3.834102e-09	-6.926949e-09	-3.488560e+01	-8.192800e+02
1.190000e-06	-3.806888e-09	-6.911422e-09	-3.463798e+01	-8.182847e+02
1.200000e-06	-3.779472e-09	-6.898813e-09	-3.438853e+01	-8.172990e+02
1.210000e-06	-3.751862e-09	-6.889284e-09	-3.413731e+01	-8.163181e+02
1.220000e-06	-3.724084e-09	-6.883149e-09	-3.388457e+01	-8.153369e+02
1.230000e-06	-3.696123e-09	-6.877455e-09	-3.363016e+01	-8.143511e+02
1.240000e-06	-3.667956e-09	-6.875097e-09	-3.337388e+01	-8.133575e+02
1.250000e-06	-3.639590e-09	-6.874846e-09	-3.311578e+01	-8.123541e+02
1.260000e-06	-3.611042e-09	-6.869040e-09	-3.285603e+01	-8.113401e+02
1.270000e-06	-3.582324e-09	-6.855466e-09	-3.259473e+01	-8.103158e+02
1.280000e-06	-3.553441e-09	-6.837461e-09	-3.233193e+01	-8.092818e+02
1.290000e-06	-3.524394e-09	-6.824978e-09	-3.206764e+01	-8.082387e+02
1.300000e-06	-3.495178e-09	-6.821434e-09	-3.180181e+01	-8.071871e+02
1.310000e-06	-3.465813e-09	-6.821623e-09	-3.153462e+01	-8.061266e+02
1.320000e-06	-3.436315e-09	-6.819880e-09	-3.126622e+01	-8.050562e+02
1.330000e-06	-3.406690e-09	-6.815087e-09	-3.099667e+01	-8.039743e+02
1.340000e-06	-3.376921e-09	-6.809399e-09	-3.072582e+01	-8.028788e+02
1.350000e-06	-3.346999e-09	-6.800151e-09	-3.045356e+01	-8.017677e+02
1.360000e-06	-3.316926e-09	-6.785739e-09	-3.017993e+01	-8.006392e+02
1.370000e-06	-3.286715e-09	-6.770910e-09	-2.990504e+01	-7.994926e+02
1.380000e-06	-3.256353e-09	-6.761038e-09	-2.962879e+01	-7.983281e+02
1.390000e-06	-3.225815e-09	-6.758725e-09	-2.935094e+01	-7.971472e+02
1.400000e-06	-3.195104e-09	-6.759029e-09	-2.907150e+01	-7.959524e+02
1.410000e-06	-3.164234e-09	-6.753058e-09	-2.879062e+01	-7.947473e+02
1.420000e-06	-3.133220e-09	-6.741394e-09	-2.850843e+01	-7.935357e+02
1.430000e-06	-3.102049e-09	-6.730049e-09	-2.822481e+01	-7.923215e+02
1.440000e-06	-3.070709e-09	-6.720828e-09	-2.793965e+01	-7.911076e+02
1.450000e-06	-3.039226e-09	-6.709986e-09	-2.765320e+01	-7.898963e+02
1.460000e-06	-3.007630e-09	-6.696988e-09	-2.736572e+01	-7.886882e+02
1.470000e-06	-2.975923e-09	-6.685487e-09	-2.707722e+01	-7.874826e+02
1.480000e-06	-2.944090e-09	-6.679332e-09	-2.678758e+01	-7.862774e+02
1.490000e-06	-2.912131e-09	-6.675438e-09	-2.649679e+01	-7.850696e+02
1.500000e-06	-2.880043e-09	-6.665215e-09	-2.620482e+01	-7.838558e+02
1.510000e-06	-2.847816e-09	-6.651930e-09	-2.591160e+01	-7.826327e+02
1.520000e-06	-2.815465e-09	-6.642256e-09	-2.561725e+01	-7.813977e+02
1.530000e-06	-2.783002e-09	-6.635865e-09	-2.532187e+01	-7.801493e+02
1.540000e-06	-2.750422e-09	-6.626486e-09	-2.502543e+01	-7.788872e+02
1.550000e-06	-2.717713e-09	-6.611335e-09	-2.472782e+01	-7.776129e+02
1.560000e-06	-2.684861e-09	-6.598038e-09	-2.442891e+01	-7.763286e+02
1.570000e-06	-2.651859e-09	-6.589201e-09	-2.412864e+01	-7.750375e+02
1.580000e-06	-2.618725e-09	-6.583047e-09	-2.382715e+01	-7.737428e+02
1.590000e-06	-2.585484e-09	-6.573061e-09	-2.352471e+01	-7.724471e+02
1.600000e-06	-2.552137e-09	-6.558654e-09	-2.322128e+01	-7.711519e+02
1.610000e-06	-2.518659e-09	-6.546137e-09	-2.291668e+01	-7.698570e+02
1.620000e-06	-2.485056e-09	-6.535664e-09	-2.261093e+01	-7.685602e+02
1.630000e-06	-2.451331e-09	-6.524185e-09	-2.230408e+01	-7.672577e+02
1.640000e-06	-2.417489e-09	-6.510078e-09	-2.199615e+01	-7.659440e+02
1.650000e-06	-2.383542e-09	-6.497091e-09	-2.168728e+01	-7.646126e+02
1.660000e-06	-2.349493e-09	-6.486632e-09	-2.137748e+01	-7.632569e+02
1.670000e-06	-2.315347e-09	-6.477697e-09	-2.106678e+01	-7.618708e+02
1.680000e-06	-2.281102e-09	-6.464110e-09	-2.075520e+01	-7.604497e+02
1.690000e-06	-2.246770e-09	-6.443284e-09	-2.044282e+01	-7.589908e+02
1.700000e-06	-2.212345e-09	-6.422672e-09	-2.012959e+01	-7.574941e+02
1.710000e-06	-2.177807e-09	-6.408475e-09	-1.981534e+01	-7.559619e+02
1.720000e-06	-2.143159e-09	-6.398189e-09	-1.950008e+01	-7.543988e+02
1.730000e-06	-2.108425e-09	-6.385691e-09	-1.918405e+01	-7.528112e+02
1.740000e-06	-2.073623e-09	-6.370777e-09	-1.886739e+01	-7.512066e+02
1.750000e-06	-2.038732e-09	-6.355267e-09	-1.854993e+01	-7.495926e+02
1.760000e-06	-2.003734e-09	-6.341993e-09	-1.823149e+01	-7.479761e+02
1.770000e-06	-1.968625e-09	-6.328233e-09	-1.791204e+01	-7.463622e+02
1.780000e-06	-1.933420e-09	-6.311824e-09	-1.759172e+01	-7.447541e+02
1.790000e-06	-1.898124e-09	-6.296510e-09	-1.727057e+01	-7.431523e+02
1.800000e-06	-1.862740e-09	-6.283046e-09	-1.694862e+01	-7.415549e+02
1.810000e-06	-1.827258e-09	-6.271243e-09	-1.662578e+01	-7.399575e+02
1.820000e-06	-1.791666e-09	-6.256425e-09	-1.630193e+01	-7.383544e+02
1.830000e-06	-1.755985e-09	-6.238454e-09	-1.597728e+01	-7.367385e+02
1.840000e-06	-1.720227e-09	-6.221115e-09	-1.565192e+01	-7.351030e+02
1.850000e-06	-1.684393e-09	-6.206557e-09	-1.532588e+01	-7.334415e+02
1.860000e-06	-1.648475e-09	-6.194944e-09	-1.499906e+01	-7.317489e+02
1.870000e-06	-1.612476e-09	-6.183921e-09	-1.467152e+01	-7.300222e+02
1.880000e-06	-1.576409e-09	-6.172987e-09	-1.434336e+01	-7.282605e+02
1.890000e-06	-1.540270e-09	-6.160845e-09	-1.401453e+01	-7.264647e+02
1.900000e-06	-1.504053e-09	-6.147908e-09	-1.368500e+01	-7.246379e+02
1.910000e-06	-1.467764e-09	-6.132558e-09	-1.335482e+01	-7.227843e+02
1.920000e-06	-1.431419e-09	-6.115010e-09	-1.302413e+01	-7.209092e+02
1.930000e-06	-1.395016e-09	-6.099525e-09	-1.269290e+01	-7.190178e+02
1.940000e-06	-1.358555e-09	-6.087756e-09	-1.236115e+01	-7.171150e+02
1.950000e-06	-1.322031e-09	-6.076550e-09	-1.202883e+01	-7.152050e+02
1.960000e-06	-1.285433e-09	-6.063053e-09	-1.169583e+01	-7.132906e+02
1.970000e-06	-1.248768e-09	-6.048771e-09	-1.136222e+01	-7.113733e+02
1.980000e-06	-1.212038e-09	-6.034817e-09	-1.102803e+01	-7.094531e+02
1.990000e-06	-1.175241e-09	-6.022110e-09	-1.069322e+01	-7.075288e+02
2.000000e-06	-1.138380e-09	-6.008168e-09	-1.035783e+01	-7.055985e+02
2.010000e-06	-1.101454e-09	-5.994597e-09	-1.002185e+01	-7.036594e+02
2.020000e-06	-1.064469e-09	-5.983561e-09	-9.685325e+00	-7.017085e+02
2.030000e-06	-1.027431e-09	-5.970980e-09	-9.348331e+00	-6.997431e+02
2.040000e-06	-9.903571e-10	-5.955794e-09	-9.011002e+00	-6.977606e+02
2.050000e-06	-9.532517e-10	-5.937317e-09	-8.673388e+00	-6.957592e+02
2.060000e-06	-9.161065e-10	-5.918474e-09	-8.335413e+00	-6.937377e+02
2.070000e-06	-8.789188e-10	-5.902213e-09	-7.997050e+00	-6.916955e+02
2.080000e-06	-8.416885e-10	-5.890615e-09	-7.658300e+00	-6.896328e+02
2.090000e-06	-8.044249e-10	-5.878768e-09	-7.319246e+00	-6.875503e+02
2.100000e-06	-7.671306e-10	-5.862474e-09	-6.979914e+00	-6.854494e+02
2.110000e-06	-7.298129e-10	-5.842357e-09	-6.640368e+00	-6.833313e+02
2.120000e-06	-6.924764e-10	-5.819675e-09	-6.300652e+00	-6.811976e+02
2.130000e-06	-6.551127e-10	-5.798635e-09	-5.960688e+00	-6.790497e+02
2.140000e-06	-6.177167e-10	-5.778240e-09	-5.620430e+00	-6.768888e+02
2.150000e-06	-5.803027e-10	-5.761714e-09	-5.280009e+00	-6.747154e+02
2.160000e-06	-5.428710e-10	-5.750042e-09	-4.939426e+00	-6.725296e+02
2.170000e-06	-5.053998e-10	-5.737991e-09	-4.598484e+00	-6.703307e+02
2.180000e-06	-4.678975e-10	-5.722760e-09	-4.257260e+00	-6.681173e+02
2.190000e-06	-4.303848e-10	-5.701008e-09	-3.915940e+00	-6.658871e+02
2.200000e-06	-3.928509e-10	-5.677497e-09	-3.574428e+00	-6.636371e+02
2.210000e-06	-3.552873e-10	-5.655583e-09	-3.232645e+00	-6.613637e+02
2.220000e-06	-3.177051e-10	-5.637852e-09	-2.890693e+00	-6.590629e+02
2.230000e-06	-2.801146e-10	-5.622461e-09	-2.548665e+00	-6.567309e+02
2.240000e-06	-2.425087e-10	-5.602118e-09	-2.206499e+00	-6.543639e+02
2.250000e-06	-2.048789e-10	-5.578131e-09	-1.864113e+00	-6.519588e+02
2.260000e-06	-1.672357e-10	-5.552047e-09	-1.521606e+00	-6.495136e+02
2.270000e-06	-1.295914e-10	-5.527349e-09	-1.179089e+00	-6.470272e+02
2.280000e-06	-9.195671e-11	-5.503565e-09	-8.366603e-01	-6.445000e+02
2.290000e-06	-5.431618e-11	-5.481172e-09	-4.941778e-01	-6.419336e+02
2.300000e-06	-1.667002e-11	-5.463670e-09	-1.516440e-01	-6.393306e+02
2.310000e-06	2.096877e-11	-5.447899e-09	1.908226e-01	-6.366943e+02
2.320000e-06	5.859744e-11	-5.428828e-09	5.331973e-01	-6.340281e+02
2.330000e-06	9.621897e-11	-5.401933e-09	8.755072e-01	-6.313354e+02
2.340000e-06	1.338401e-10	-5.370338e-09	1.217813e+00	-6.286186e+02
2.350000e-06	1.714442e-10	-5.339053e-09	1.559965e+00	-6.258786e+02
2.360000e-06	2.090366e-10	-5.309738e-09	1.902009e+00	-6.231152e+02
2.370000e-06	2.466335e-10	-5.283789e-09	2.244094e+00	-6.203259e+02
2.380000e-06	2.842152e-10	-5.260583e-09	2.586041e+00	-6.175072e+02
2.390000e-06	3.217762e-10	-5.241769e-09	2.927801e+00	-6.146538e+02
2.400000e-06	3.593325e-10	-5.223629e-09	3.269517e+00	-6.117600e+02
2.410000e-06	3.968793e-10	-5.199149e-09	3.611146e+00	-6.088199e+02
2.420000e-06	4.344056e-10	-5.166472e-09	3.952590e+00	-6.058283e+02
2.430000e-06	4.719200e-10	-5.131480e-09	4.293924e+00	-6.027811e+02
2.440000e-06	5.094165e-10	-5.101236e-09	4.635096e+00	-5.996762e+02
2.450000e-06	5.468827e-10	-5.076204e-09	4.975992e+00	-5.965135e+02
2.460000e-06	5.843342e-10	-5.054015e-09	5.316756e+00	-5.932949e+02
2.470000e-06	6.217666e-10	-5.031117e-09	5.657345e+00	-5.900242e+02
2.480000e-06	6.591648e-10	-5.007061e-09	5.997622e+00	-5.867065e+02
2.490000e-06	6.965379e-10	-4.981744e-09	6.337671e+00	-5.833477e+02
2.500000e-06	7.338743e-10	-4.952171e-09	6.677387e+00	-5.799532e+02
2.510000e-06	7.711601e-10	-4.916939e-09	7.016641e+00	-5.765277e+02
2.520000e-06	8.084030e-10	-4.881523e-09	7.355506e+00	-5.730740e+02
2.530000e-06	8.456084e-10	-4.852135e-09	7.694030e+00	-5.695929e+02
2.540000e-06	8.827800e-10	-4.828340e-09	8.032246e+00	-5.660830e+02
2.550000e-06	9.199155e-10	-4.805426e-09	8.370133e+00	-5.625408e+02
2.560000e-06	9.570145e-10	-4.779650e-09	8.707689e+00	-5.589609e+02
2.570000e-06	9.940712e-10	-4.752490e-09	9.044859e+00	-5.553372e+02
2.580000e-06	1.031091e-09	-4.723908e-09	9.381694e+00	-5.516632e+02
2.590000e-06	1.068077e-09	-4.693067e-09	9.718221e+00	-5.479334e+02
2.600000e-06	1.105006e-09	-4.659886e-09	1.005423e+01	-5.441434e+02
2.610000e-06	1.141882e-09	-4.626317e-09	1.038976e+01	-5.402908e+02
2.620000e-06	1.178701e-09	-4.595120e-09	1.072477e+01	-5.363755e+02
2.630000e-06	1.215461e-09	-4.563440e-09	1.105924e+01	-5.323993e+02
2.640000e-06	1.252169e-09	-4.530971e-09	1.139324e+01	-5.283654e+02
2.650000e-06	1.288806e-09	-4.501052e-09	1.172659e+01	-5.242780e+02
2.660000e-06	1.325376e-09	-4.473590e-09	1.205933e+01	-5.201412e+02
2.670000e-06	1.361886e-09	-4.444357e-09	1.239152e+01	-5.159579e+02
2.680000e-06	1.398331e-09	-4.410906e-09	1.272313e+01	-5.117294e+02
2.690000e-06	1.434711e-09	-4.373606e-09	1.305414e+01	-5.074541e+02
2.700000e-06	1.471011e-09	-4.335058e-09	1.338443e+01	-5.031279e+02
2.710000e-06	1.507220e-09	-4.298467e-09	1.371388e+01	-4.987437e+02
2.720000e-06	1.543346e-09	-4.263354e-09	1.404258e+01	-4.942919e+02
2.730000e-06	1.579398e-09	-4.228527e-09	1.437061e+01	-4.897615e+02
2.740000e-06	1.615370e-09	-4.193473e-09	1.469791e+01	-4.851406e+02
2.750000e-06	1.651267e-09	-4.159812e-09	1.502453e+01	-4.804178e+02
2.760000e-06	1.687094e-09	-4.123500e-09	1.535051e+01	-4.755827e+02
2.770000e-06	1.722843e-09	-4.080772e-09	1.567579e+01	-4.706273e+02
2.780000e-06	1.758504e-09	-4.033571e-09	1.600026e+01	-4.655458e+02
2.790000e-06	1.794073e-09	-3.985441e-09	1.632389e+01	-4.603354e+02
2.800000e-06	1.829551e-09	-3.939834e-09	1.664670e+01	-4.549952e+02
2.810000e-06	1.864947e-09	-3.895625e-09	1.696876e+01	-4.495262e+02
2.820000e-06	1.900266e-09	-3.852067e-09	1.729012e+01	-4.439299e+02
2.830000e-06	1.935492e-09	-3.805673e-09	1.761063e+01	-4.382073e+02
2.840000e-06	1.970624e-09	-3.755323e-09	1.793029e+01	-4.323578e+02
2.850000e-06	2.005664e-09	-3.701772e-09	1.824911e+01	-4.263783e+02
2.860000e-06	2.040614e-09	-3.648088e-09	1.856711e+01	-4.202621e+02
2.870000e-06	2.075485e-09	-3.596049e-09	1.888440e+01	-4.139992e+02
2.880000e-06	2.110282e-09	-3.540964e-09	1.920100e+01	-4.075754e+02
2.890000e-06	2.144990e-09	-3.481933e-09	1.951681e+01	-4.009734e+02
2.900000e-06	2.179592e-09	-3.418939e-09	1.983165e+01	-3.941733e+02
2.910000e-06	2.214083e-09	-3.355309e-09	2.014547e+01	-3.871532e+02
2.920000e-06	2.248468e-09	-3.291559e-09	2.045833e+01	-3.798905e+02
2.930000e-06	2.282749e-09	-3.223536e-09	2.077024e+01	-3.723626e+02
2.940000e-06	2.316919e-09	-3.151075e-09	2.108115e+01	-3.645478e+02
2.950000e-06	2.350977e-09	-3.078930e-09	2.139104e+01	-3.564256e+02
2.960000e-06	2.384926e-09	-3.007971e-09	2.169993e+01	-3.479769e+02
2.970000e-06	2.418776e-09	-2.935756e-09	2.200792e+01	-3.391841e+02
2.980000e-06	2.452520e-09	-2.858020e-09	2.231496e+01	-3.300305e+02
2.990000e-06	2.486140e-09	-2.773373e-09	2.262085e+01	-3.204997e+02
3.000000e-06	2.519633e-09	-2.684949e-09	2.292560e+01	-3.105753e+02
3.010000e-06	2.553001e-09	-2.590689e-09	2.322920e+01	-3.002399e+02
3.020000e-06	2.586259e-09	-2.489270e-09	2.353182e+01	-2.894752e+02
3.030000e-06	2.619420e-09	-2.382796e-09	2.383353e+01	-2.782615e+02
3.040000e-06	2.652469e-09	-2.278373e-09	2.413424e+01	-2.665778e+02
3.050000e-06	2.685389e-09	-2.175188e-09	2.443378e+01	-2.544024e+02
3.060000e-06	2.718187e-09	-2.068487e-09	2.473220e+01	-2.417134e+02
3.070000e-06	2.750866e-09	-1.957486e-09	2.502953e+01	-2.284892e+02
3.080000e-06	2.783419e-09	-1.837418e-09	2.532573e+01	-2.147101e+02
3.090000e-06	2.815851e-09	-1.714368e-09	2.562081e+01	-2.003586e+02
3.100000e-06	2.848159e-09	-1.584529e-09	2.591478e+01	-1.854203e+02
3.110000e-06	2.880342e-09	-1.448159e-09	2.620761e+01	-1.698848e+02
3.120000e-06	2.912385e-09	-1.306617e-09	2.649916e+01	-1.537462e+02
3.130000e-06	2.944278e-09	-1.156964e-09	2.678935e+01	-1.370034e+02
3.140000e-06	2.976036e-09	-1.005000e-09	2.707830e+01	-1.196602e+02
3.150000e-06	3.007666e-09	-8.462779e-10	2.736610e+01	-1.017259e+02
3.160000e-06	3.039169e-09	-6.886450e-10	2.765274e+01	-8.321482e+01
3.170000e-06	3.070531e-09	-5.311506e-10	2.793809e+01	-6.414691e+01
3.180000e-06	3.101739e-09	-3.729254e-10	2.822204e+01	-4.454767e+01
3.190000e-06	3.132800e-09	-2.102804e-10	2.850466e+01	-2.444846e+01
3.200000e-06	3.163715e-09	-3.135205e-11	2.878595e+01	-3.886647e+00
3.210000e-06	3.194484e-09	1.578951e-10	2.906591e+01	1.709414e+01
3.220000e-06	3.225094e-09	3.550716e-10	2.934442e+01	3.844395e+01
3.230000e-06	3.255531e-09	5.472636e-10	2.962136e+01	6.010658e+01
3.240000e-06	3.285809e-09	7.301627e-10	2.989685e+01	8.201992e+01
3.250000e-06	3.315949e-09	9.073736e-10	3.017109e+01	1.041167e+02
3.260000e-06	3.345958e-09	1.083843e-09	3.044413e+01	1.263254e+02
3.270000e-06	3.375826e-09	1.266223e-09	3.071590e+01	1.485716e+02
3.280000e-06	3.405541e-09	1.449259e-09	3.098627e+01	1.707800e+02
3.290000e-06	3.435101e-09	1.640696e-09	3.125523e+01	1.928757e+02
3.300000e-06	3.464511e-09	1.837375e-09	3.152282e+01	2.147865e+02
3.310000e-06	3.493770e-09	2.033156e-09	3.178905e+01	2.364446e+02
3.320000e-06	3.522879e-09	2.218356e-09	3.205390e+01	2.577882e+02
3.330000e-06	3.551818e-09	2.389616e-09	3.231721e+01	2.787631e+02
3.340000e-06	3.580584e-09	2.557147e-09	3.257895e+01	2.993232e+02
3.350000e-06	3.609191e-09	2.720290e-09	3.283924e+01	3.194311e+02
3.360000e-06	3.637630e-09	2.883666e-09	3.309800e+01	3.390579e+02
3.370000e-06	3.665876e-09	3.043399e-09	3.335500e+01	3.581828e+02
3.380000e-06	3.693932e-09	3.201160e-09	3.361027e+01	3.767919e+02
3.390000e-06	3.721802e-09	3.355805e-09	3.386386e+01	3.948775e+02
3.400000e-06	3.749488e-09	3.505517e-09	3.411577e+01	4.124364e+02
3.410000e-06	3.776993e-09	3.652452e-09	3.436603e+01	4.294690e+02
3.420000e-06	3.804307e-09	3.791203e-09	3.461455e+01	4.459780e+02
3.430000e-06	3.831434e-09	3.926854e-09	3.486138e+01	4.619672e+02
3.440000e-06	3.858400e-09	4.053719e-09	3.510673e+01	4.774416e+02
3.450000e-06	3.885211e-09	4.172933e-09	3.535067e+01	4.924062e+02
3.460000e-06	3.911850e-09	4.286101e-09	3.559306e+01	5.068664e+02
3.470000e-06	3.938303e-09	4.397978e-09	3.583375e+01	5.208279e+02
3.480000e-06	3.964564e-09	4.514191e-09	3.607269e+01	5.342968e+02
3.490000e-06	3.990646e-09	4.628701e-09	3.631000e+01	5.472802e+02
3.500000e-06	4.016549e-09	4.740080e-09	3.654569e+01	5.597859e+02
3.510000e-06	4.042259e-09	4.844143e-09	3.677962e+01	5.718233e+02
3.520000e-06	4.067782e-09	4.945776e-09	3.701185e+01	5.834027e+02
3.530000e-06	4.093135e-09	5.041560e-09	3.724253e+01	5.945360e+02
3.540000e-06	4.118327e-09	5.130660e-09	3.747174e+01	6.052361e+02
3.550000e-06	4.143330e-09	5.213208e-09	3.769924e+01	6.155169e+02
3.560000e-06	4.168129e-09	5.290667e-09	3.792488e+01	6.253929e+02
3.570000e-06	4.192741e-09	5.373433e-09	3.814882e+01	6.348793e+02
3.580000e-06	4.217165e-09	5.456939e-09	3.837105e+01	6.439914e+02
3.590000e-06	4.241389e-09	5.537562e-09	3.859146e+01	6.527446e+02
3.600000e-06	4.265405e-09	5.612336e-09	3.880998e+01	6.611544e+02
3.610000e-06	4.289228e-09	5.684485e-09	3.902673e+01	6.692361e+02
3.620000e-06	4.312862e-09	5.753883e-09	3.924178e+01	6.770048e+02
3.630000e-06	4.336283e-09	5.814340e-09	3.945488e+01	6.844757e+02
3.640000e-06	4.359488e-09	5.868127e-09	3.966601e+01	6.916635e+02
3.650000e-06	4.382472e-09	5.919031e-09	3.987514e+01	6.985827e+02
3.660000e-06	4.405237e-09	5.972892e-09	4.008227e+01	7.052472e+02
3.670000e-06	4.427784e-09	6.029949e-09	4.028742e+01	7.116706e+02
3.680000e-06	4.450115e-09	6.088595e-09	4.049061e+01	7.178653e+02
3.690000e-06	4.472261e-09	6.145301e-09	4.069210e+01	7.238429e+02
3.700000e-06	4.494227e-09	6.197880e-09	4.089197e+01	7.296137e+02
3.710000e-06	4.516008e-09	6.246350e-09	4.109015e+01	7.351868e+02
3.720000e-06	4.537586e-09	6.289577e-09	4.128648e+01	7.405700e+02
3.730000e-06	4.558956e-09	6.329635e-09	4.148092e+01	7.457698e+02
3.740000e-06	4.580107e-09	6.368206e-09	4.167337e+01	7.507915e+02
3.750000e-06	4.601022e-09	6.408287e-09	4.186368e+01	7.556394e+02
3.760000e-06	4.621722e-09	6.447034e-09	4.205202e+01	7.603174e+02
3.770000e-06	4.642219e-09	6.482824e-09	4.223852e+01	7.648287e+02
3.780000e-06	4.662508e-09	6.517593e-09	4.242312e+01	7.691764e+02
3.790000e-06	4.682582e-09	6.553630e-09	4.260577e+01	7.733635e+02
3.800000e-06	4.702430e-09	6.592637e-09	4.278636e+01	7.773934e+02
3.810000e-06	4.722050e-09	6.630139e-09	4.296488e+01	7.812692e+02
3.820000e-06	4.741429e-09	6.663772e-09	4.314120e+01	7.849948e+02
3.830000e-06	4.760584e-09	6.693123e-09	4.331549e+01	7.885738e+02
3.840000e-06	4.779540e-09	6.721630e-09	4.348797e+01	7.920101e+02
3.850000e-06	4.798299e-09	6.745935e-09	4.365865e+01	7.953078e+02
3.860000e-06	4.816859e-09	6.763553e-09	4.382753e+01	7.984711e+02
3.870000e-06	4.835219e-09	6.780966e-09	4.399458e+01	8.015041e+02
3.880000e-06	4.853356e-09	6.803027e-09	4.415960e+01	8.044113e+02
3.890000e-06	4.871242e-09	6.831894e-09	4.432234e+01	8.071974e+02
3.900000e-06	4.888902e-09	6.861326e-09	4.448302e+01	8.098673e+02
3.910000e-06	4.906351e-09	6.886095e-09	4.464179e+01	8.124266e+02
3.920000e-06	4.923597e-09	6.904737e-09	4.479871e+01	8.148809e+02
3.930000e-06	4.940639e-09	6.919695e-09	4.495377e+01	8.172361e+02
3.940000e-06	4.957468e-09	6.934955e-09	4.510689e+01	8.194984e+02
3.950000e-06	4.974094e-09	6.948182e-09	4.525817e+01	8.216735e+02
3.960000e-06	4.990504e-09	6.961896e-09	4.540748e+01	8.237666e+02
3.970000e-06	5.006661e-09	6.978708e-09	4.555449e+01	8.257823e+02
3.980000e-06	5.022572e-09	6.997125e-09	4.569926e+01	8.277240e+02
3.990000e-06	5.038266e-09	7.013800e-09	4.584206e+01	8.295937e+02
4.000000e-06	5.053734e-09	7.026239e-09	4.598280e+01	8.313923e+02
4.010000e-06	5.068947e-09	7.037335e-09	4.612122e+01	8.331195e+02
4.020000e-06	5.083899e-09	7.050401e-09	4.625726e+01	8.347744e+02
4.030000e-06	5.098580e-09	7.064954e-09	4.639083e+01	8.363552e+02
4.040000e-06	5.113005e-09	7.077456e-09	4.652209e+01	8.378608e+02
4.050000e-06	5.127208e-09	7.087037e-09	4.665132e+01	8.392906e+02
4.060000e-06	5.141193e-09	7.095130e-09	4.677856e+01	8.406450e+02
4.070000e-06	5.154959e-09	7.101773e-09	4.690382e+01	8.419263e+02
4.080000e-06	5.168511e-09	7.109086e-09	4.702712e+01	8.431383e+02
4.090000e-06	5.181820e-09	7.120596e-09	4.714822e+01	8.442863e+02
4.100000e-06	5.194862e-09	7.135164e-09	4.726688e+01	8.453773e+02
4.110000e-06	5.207665e-09	7.150228e-09	4.738338e+01	8.464187e+02
4.120000e-06	5.220250e-09	7.164039e-09	4.749788e+01	8.474183e+02
4.130000e-06	5.232622e-09	7.173612e-09	4.761045e+01	8.483831e+02
4.140000e-06	5.244788e-09	7.177164e-09	4.772115e+01	8.493192e+02
4.150000e-06	5.256744e-09	7.176940e-09	4.782994e+01	8.502307e+02
4.160000e-06	5.268451e-09	7.180671e-09	4.793645e+01	8.511198e+02
4.170000e-06	5.279876e-09	7.191136e-09	4.804041e+01	8.519868e+02
4.180000e-06	5.291048e-09	7.203852e-09	4.814205e+01	8.528301e+02
4.190000e-06	5.301983e-09	7.216655e-09	4.824155e+01	8.536472e+02
4.200000e-06	5.312660e-09	7.228558e-09	4.833870e+01	8.544349e+02
4.210000e-06	5.323049e-09	7.240204e-09	4.843323e+01	8.551904e+02
4.220000e-06	5.333137e-09	7.249326e-09	4.852501e+01	8.559119e+02
4.230000e-06	5.342933e-09	7.255670e-09	4.861415e+01	8.565991e+02
4.240000e-06	5.352475e-09	7.263083e-09	4.870096e+01	8.572533e+02
4.250000e-06	5.361784e-09	7.271984e-09	4.878566e+01	8.578779e+02
4.260000e-06	5.370866e-09	7.280387e-09	4.886830e+01	8.584770e+02
4.270000e-06	5.379728e-09	7.286318e-09	4.894894e+01	8.590560e+02
4.280000e-06	5.388358e-09	7.292127e-09	4.902745e+01	8.596199e+02
4.290000e-06	5.396710e-09	7.300197e-09	4.910345e+01	8.601725e+02
4.300000e-06	5.404800e-09	7.310206e-09	4.917706e+01	8.607164e+02
4.310000e-06	5.412663e-09	7.321340e-09	4.924860e+01	8.612517e+02
4.320000e-06	5.420291e-09	7.329508e-09	4.931801e+01	8.617763e+02
4.330000e-06	5.427697e-09	7.336769e-09	4.938539e+01	8.622861e+02
4.340000e-06	5.434879e-09	7.343217e-09	4.945074e+01	8.627754e+02
4.350000e-06	5.441797e-09	7.348839e-09	4.951368e+01	8.632382e+02
4.360000e-06	5.448436e-09	7.353859e-09	4.957409e+01	8.636689e+02
4.370000e-06	5.454826e-09	7.356283e-09	4.963223e+01	8.640640e+02
4.380000e-06	5.460984e-09	7.362060e-09	4.968826e+01	8.644222e+02
4.390000e-06	5.466913e-09	7.371126e-09	4.974221e+01	8.647457e+02
4.400000e-06	5.472622e-09	7.380424e-09	4.979416e+01	8.650400e+02
4.410000e-06	5.478092e-09	7.386335e-09	4.984392e+01	8.653134e+02
4.420000e-06	5.483270e-09	7.390561e-09	4.989103e+01	8.655765e+02
4.430000e-06	5.488167e-09	7.396220e-09	4.993560e+01	8.658403e+02
4.440000e-06	5.492822e-09	7.397326e-09	4.997794e+01	8.661151e+02
4.450000e-06	5.497238e-09	7.396795e-09	5.001813e+01	8.664088e+02
4.460000e-06	5.501427e-09	7.397130e-09	5.005624e+01	8.667256e+02
4.470000e-06	5.505415e-09	7.399341e-09	5.009252e+01	8.670651e+02
4.480000e-06	5.509178e-09	7.403232e-09	5.012677e+01	8.674218e+02
4.490000e-06	5.512673e-09	7.406553e-09	5.015856e+01	8.677860e+02
4.500000e-06	5.515906e-09	7.412970e-09	5.018798e+01	8.681444e+02
4.510000e-06	5.518868e-09	7.419099e-09	5.021493e+01	8.684819e+02
4.520000e-06	5.521556e-09	7.424346e-09	5.023939e+01	8.687837e+02
4.530000e-06	5.523980e-09	7.427035e-09	5.026144e+01	8.690373e+02
4.540000e-06	5.526109e-09	7.426920e-09	5.028081e+01	8.692343e+02
4.550000e-06	5.527946e-09	7.426502e-09	5.029753e+01	8.693720e+02
4.560000e-06	5.529530e-09	7.423993e-09	5.031195e+01	8.694537e+02
4.570000e-06	5.530870e-09	7.421371e-09	5.032413e+01	8.694887e+02
4.580000e-06	5.531974e-09	7.419927e-09	5.033418e+01	8.694912e+02
4.590000e-06	5.532873e-09	7.422146e-09	5.034236e+01	8.694784e+02
4.600000e-06	5.533518e-09	7.426376e-09	5.034823e+01	8.694681e+02
4.610000e-06	5.533863e-09	7.430257e-09	5.035136e+01	8.694761e+02
4.620000e-06	5.533950e-09	7.429260e-09	5.035216e+01	8.695140e+02
4.630000e-06	5.533800e-09	7.424661e-09	5.035080e+01	8.695867e+02
4.640000e-06	5.533422e-09	7.419607e-09	5.034735e+01	8.696919e+02
4.650000e-06	5.532848e-09	7.412249e-09	5.034213e+01	8.698196e+02
4.660000e-06	5.532075e-09	7.406510e-09	5.033510e+01	8.699533e+02
4.670000e-06	5.531037e-09	7.403215e-09	5.032565e+01	8.700722e+02
4.680000e-06	5.529713e-09	7.404302e-09	5.031361e+01	8.701536e+02
4.690000e-06	5.528165e-09	7.412936e-09	5.029952e+01	8.701767e+02
4.700000e-06	5.526432e-09	7.426007e-09	5.028375e+01	8.701255e+02
4.710000e-06	5.524501e-09	7.392867e-09	5.026618e+01	8.699918e+02
4.720000e-06	5.522232e-09	7.331800e-09	5.024554e+01	8.697774e+02
4.730000e-06	5.519402e-09	7.350757e-09	5.021978e+01	8.694946e+02
4.740000e-06	5.516068e-09	7.467791e-09	5.018945e+01	8.691658e+02
4.750000e-06	5.512627e-09	7.437337e-09	5.015814e+01	8.688216e+02
4.760000e-06	5.509263e-09	7.329580e-09	5.012753e+01	8.684980e+02
4.770000e-06	5.505656e-09	7.320858e-09	5.009471e+01	8.682320e+02
4.780000e-06	5.501516e-09	7.412111e-09	5.005704e+01	8.680577e+02
4.790000e-06	5.497105e-09	7.383510e-09	5.001691e+01	8.680021e+02
4.800000e-06	5.492714e-09	7.259919e-09	4.997695e+01	8.680815e+02
4.810000e-06	5.488064e-09	7.391796e-09	4.993465e+01	8.682994e+02
4.820000e-06	5.482955e-09	7.501353e-09	4.988816e+01	8.686450e+02
4.830000e-06	5.477662e-09	7.400609e-09	4.984000e+01	8.690948e+02
4.840000e-06	5.472291e-09	7.334709e-09	4.979113e+01	8.696137e+02
4.850000e-06	5.466636e-09	7.486884e-09	4.973967e+01	8.701592e+02
4.860000e-06	5.460668e-09	7.514683e-09	4.968537e+01	8.706857e+02
4.870000e-06	5.454554e-09	7.370931e-09	4.962974e+01	8.711490e+02
4.880000e-06	5.448180e-09	7.459638e-09	4.957175e+01	8.715107e+02
4.890000e-06	5.441446e-09	7.564913e-09	4.951048e+01	8.717428e+02
4.900000e-06	5.434554e-09	7.466123e-09	4.944777e+01	8.718294e+02
4.910000e-06	5.427506e-09	7.407140e-09	4.938364e+01	8.717686e+02
4.920000e-06	5.420091e-09	7.521437e-09	4.931618e+01	8.715720e+02
4.930000e-06	5.412354e-09	7.493526e-09	4.924577e+01	8.712627e+02
4.940000e-06	5.404464e-09	7.383189e-09	4.917398e+01	8.708720e+02
4.950000e-06	5.396310e-09	7.498039e-09	4.909979e+01	8.704362e+02
4.960000e-06	5.387818e-09	7.521164e-09	4.902253e+01	8.699914e+02
4.970000e-06	5.379128e-09	7.421184e-09	4.894346e+01	8.695701e+02
4.980000e-06	5.370230e-09	7.465559e-09	4.886250e+01	8.691976e+02
4.990000e-06	5.361048e-09	7.548672e-09	4.877895e+01	8.688893e+02
5.000000e-06	5.351614e-09	7.467183e-09	4.869311e+01	8.686500e+02
5.010000e-06	5.341937e-09	7.446669e-09	4.860506e+01	8.684741e+02
5.020000e-06	5.331972e-09	7.520418e-09	4.851440e+01	8.683467e+02
5.030000e-06	5.321769e-09	7.471948e-09	4.842156e+01	8.682467e+02
5.040000e-06	5.311318e-09	7.465227e-09	4.832647e+01	8.681494e+02
5.050000e-06	5.300544e-09	7.499308e-09	4.822844e+01	8.680299e+02
5.060000e-06	5.289509e-09	7.487961e-09	4.812803e+01	8.678664e+02
5.070000e-06	5.278266e-09	7.476154e-09	4.802574e+01	8.676425e+02
5.080000e-06	5.266805e-09	7.489275e-09	4.792145e+01	8.673489e+02
5.090000e-06	5.255137e-09	7.469829e-09	4.781529e+01	8.669839e+02
5.100000e-06	5.243236e-09	7.458932e-09	4.770700e+01	8.665532e+02
5.110000e-06	5.231049e-09	7.482028e-09	4.759612e+01	8.660684e+02
5.120000e-06	5.218610e-09	7.468549e-09	4.748294e+01	8.655452e+02
5.130000e-06	5.205942e-09	7.485885e-09	4.736767e+01	8.650014e+02
5.140000e-06	5.193010e-09	7.485838e-09	4.725001e+01	8.644541e+02
5.150000e-06	5.179840e-09	7.455148e-09	4.713017e+01	8.639181e+02
5.160000e-06	5.166446e-09	7.459042e-09	4.700831e+01	8.634042e+02
5.170000e-06	5.152793e-09	7.458842e-09	4.688409e+01	8.629186e+02
5.180000e-06	5.138874e-09	7.439554e-09	4.675744e+01	8.624624e+02
5.190000e-06	5.124691e-09	7.439809e-09	4.662839e+01	8.620327e+02
5.200000e-06	5.110240e-09	7.451323e-09	4.649690e+01	8.616229e+02
5.210000e-06	5.095554e-09	7.430589e-09	4.636327e+01	8.612245e+02
5.220000e-06	5.080671e-09	7.435976e-09	4.622786e+01	8.608286e+02
5.230000e-06	5.065526e-09	7.435928e-09	4.609005e+01	8.604266e+02
5.240000e-06	5.050073e-09	7.417793e-09	4.594946e+01	8.600118e+02
5.250000e-06	5.034353e-09	7.422449e-09	4.580642e+01	8.595796e+02
5.260000e-06	5.018413e-09	7.420776e-09	4.566139e+01	8.591279e+02
5.270000e-06	5.002281e-09	7.416419e-09	4.551461e+01	8.586566e+02
5.280000e-06	4.985949e-09	7.398689e-09	4.536600e+01	8.581672e+02
5.290000e-06	4.969414e-09	7.385884e-09	4.521555e+01	8.576623e+02
5.300000e-06	4.952673e-09	7.377102e-09	4.506323e+01	8.571446e+02
5.310000e-06	4.935715e-09	7.372163e-09	4.490893e+01	8.566163e+02
5.320000e-06	4.918515e-09	7.372232e-09	4.475244e+01	8.560790e+02
5.330000e-06	4.901050e-09	7.372351e-09	4.459353e+01	8.555334e+02
5.340000e-06	4.883344e-09	7.374617e-09	4.443242e+01	8.549794e+02
5.350000e-06	4.865438e-09	7.363518e-09	4.426950e+01	8.544166e+02
5.360000e-06	4.847344e-09	7.350923e-09	4.410487e+01	8.538444e+02
5.370000e-06	4.829020e-09	7.325487e-09	4.393814e+01	8.532629e+02
5.380000e-06	4.810428e-09	7.306572e-09	4.376897e+01	8.526729e+02
5.390000e-06	4.791586e-09	7.303869e-09	4.359754e+01	8.520761e+02
5.400000e-06	4.772528e-09	7.304942e-09	4.342414e+01	8.514751e+02
5.410000e-06	4.753248e-09	7.309742e-09	4.324870e+01	8.508730e+02
5.420000e-06	4.733745e-09	7.307363e-09	4.307126e+01	8.502730e+02
5.430000e-06	4.714052e-09	7.307359e-09	4.289207e+01	8.496779e+02
5.440000e-06	4.694171e-09	7.301516e-09	4.271118e+01	8.490894e+02
5.450000e-06	4.674084e-09	7.292725e-09	4.252841e+01	8.485077e+02
5.460000e-06	4.653769e-09	7.284632e-09	4.234357e+01	8.479312e+02
5.470000e-06	4.633230e-09	7.280051e-09	4.215669e+01	8.473571e+02
5.480000e-06	4.612468e-09	7.278629e-09	4.196778e+01	8.467807e+02
5.490000e-06	4.591514e-09	7.272559e-09	4.177713e+01	8.461971e+02
5.500000e-06	4.570388e-09	7.268678e-09	4.158491e+01	8.456009e+02
5.510000e-06	4.549075e-09	7.263402e-09	4.139098e+01	8.449878e+02
5.520000e-06	4.527561e-09	7.265679e-09	4.119523e+01	8.443545e+02
5.530000e-06	4.505870e-09	7.267388e-09	4.099787e+01	8.437000e+02
5.540000e-06	4.483991e-09	7.264877e-09	4.079880e+01	8.430250e+02
5.550000e-06	4.461874e-09	7.261050e-09	4.059756e+01	8.423324e+02
5.560000e-06	4.439510e-09	7.252612e-09	4.039407e+01	8.416264e+02
5.570000e-06	4.416928e-09	7.243833e-09	4.018861e+01	8.409124e+02
5.580000e-06	4.394132e-09	7.229049e-09	3.998119e+01	8.401952e+02
5.590000e-06	4.371086e-09	7.220965e-09	3.977150e+01	8.394789e+02
5.600000e-06	4.347786e-09	7.222873e-09	3.955950e+01	8.387658e+02
5.610000e-06	4.324257e-09	7.230458e-09	3.934541e+01	8.380557e+02
5.620000e-06	4.300505e-09	7.236495e-09	3.912930e+01	8.373458e+02
5.630000e-06	4.276540e-09	7.233353e-09	3.891125e+01	8.366309e+02
5.640000e-06	4.252392e-09	7.224984e-09	3.869153e+01	8.359037e+02
5.650000e-06	4.228069e-09	7.212225e-09	3.847022e+01	8.351558e+02
5.660000e-06	4.203578e-09	7.202364e-09	3.824738e+01	8.343786e+02
5.670000e-06	4.178908e-09	7.195406e-09	3.802291e+01	8.335645e+02
5.680000e-06	4.154052e-09	7.194916e-09	3.779676e+01	8.327078e+02
5.690000e-06	4.129012e-09	7.199408e-09	3.756892e+01	8.318056e+02
5.700000e-06	4.103772e-09	7.201583e-09	3.733927e+01	8.308581e+02
5.710000e-06	4.078337e-09	7.199163e-09	3.710784e+01	8.298687e+02
5.720000e-06	4.052735e-09	7.190669e-09	3.687489e+01	8.288438e+02
5.730000e-06	4.026964e-09	7.181390e-09	3.664041e+01	8.277921e+02
5.740000e-06	4.001016e-09	7.170043e-09	3.640431e+01	8.267232e+02
5.750000e-06	3.974895e-09	7.161243e-09	3.616665e+01	8.256475e+02
5.760000e-06	3.948588e-09	7.156804e-09	3.592728e+01	8.245740e+02
5.770000e-06	3.922092e-09	7.154351e-09	3.568620e+01	8.235102e+02
5.780000e-06	3.895404e-09	7.150419e-09	3.544338e+01	8.224615e+02
5.790000e-06	3.868527e-09	7.140659e-09	3.519882e+01	8.214301e+02
5.800000e-06	3.841454e-09	7.128021e-09	3.495250e+01	8.204162e+02
5.810000e-06	3.814193e-09	7.113435e-09	3.470445e+01	8.194173e+02
5.820000e-06	3.786762e-09	7.102035e-09	3.445486e+01	8.184293e+02
5.830000e-06	3.759142e-09	7.094794e-09	3.420355e+01	8.174475e+02
5.840000e-06	3.731326e-09	7.092467e-09	3.395046e+01	8.164668e+02
5.850000e-06	3.703326e-09	7.091100e-09	3.369570e+01	8.154826e+02
5.860000e-06	3.675164e-09	7.085368e-09	3.343946e+01	8.144914e+02
5.870000e-06	3.646846e-09	7.075314e-09	3.318180e+01	8.134908e+02
5.880000e-06	3.618346e-09	7.059794e-09	3.292248e+01	8.124798e+02
5.890000e-06	3.589658e-09	7.044094e-09	3.266145e+01	8.114583e+02
5.900000e-06	3.560804e-09	7.027300e-09	3.239892e+01	8.104268e+02
5.910000e-06	3.531811e-09	7.012575e-09	3.213512e+01	8.093861e+02
5.920000e-06	3.502688e-09	7.002500e-09	3.187014e+01	8.083368e+02
5.930000e-06	3.473419e-09	6.997210e-09	3.160383e+01	8.072787e+02
5.940000e-06	3.443978e-09	6.995635e-09	3.133595e+01	8.062111e+02
5.950000e-06	3.414371e-09	6.990707e-09	3.106656e+01	8.051324e+02
5.960000e-06	3.384619e-09	6.982243e-09	3.079585e+01	8.040408e+02
5.970000e-06	3.354711e-09	6.968781e-09	3.052373e+01	8.029342e+02
5.980000e-06	3.324634e-09	6.950445e-09	3.025006e+01	8.018107e+02
5.990000e-06	3.294399e-09	6.929022e-09	2.997496e+01	8.006692e+02
6.000000e-06	3.264011e-09	6.911583e-09	2.969847e+01	7.995097e+02
6.010000e-06	3.233464e-09	6.900664e-09	2.942053e+01	7.983333e+02
6.020000e-06	3.202774e-09	6.891140e-09	2.914129e+01	7.971423e+02
6.030000e-06	3.171944e-09	6.882296e-09	2.886077e+01	7.959399e+02
6.040000e-06	3.140962e-09	6.873446e-09	2.857887e+01	7.947300e+02
6.050000e-06	3.109825e-09	6.866140e-09	2.829557e+01	7.935163e+02
6.060000e-06	3.078533e-09	6.855988e-09	2.801084e+01	7.923022e+02
6.070000e-06	3.047106e-09	6.839469e-09	2.772490e+01	7.910901e+02
6.080000e-06	3.015554e-09	6.821779e-09	2.743781e+01	7.898811e+02
6.090000e-06	2.983874e-09	6.808049e-09	2.714957e+01	7.886748e+02
6.100000e-06	2.952058e-09	6.797557e-09	2.686007e+01	7.874696e+02
6.110000e-06	2.920097e-09	6.788292e-09	2.656927e+01	7.862627e+02
6.120000e-06	2.887999e-09	6.781414e-09	2.627722e+01	7.850507e+02
6.130000e-06	2.855787e-09	6.776222e-09	2.598413e+01	7.838303e+02
6.140000e-06	2.823468e-09	6.771446e-09	2.569006e+01	7.825986e+02
6.150000e-06	2.791014e-09	6.758574e-09	2.539477e+01	7.813539e+02
6.160000e-06	2.758403e-09	6.737943e-09	2.509806e+01	7.800955e+02
6.170000e-06	2.725661e-09	6.719045e-09	2.480015e+01	7.788244e+02
6.180000e-06	2.692802e-09	6.706182e-09	2.450117e+01	7.775428e+02
6.190000e-06	2.659819e-09	6.698674e-09	2.420106e+01	7.762534e+02
6.200000e-06	2.626722e-09	6.688878e-09	2.389992e+01	7.749596e+02
6.210000e-06	2.593506e-09	6.677970e-09	2.359769e+01	7.736642e+02
6.220000e-06	2.560169e-09	6.668591e-09	2.329437e+01	7.723689e+02
6.230000e-06	2.526702e-09	6.661654e-09	2.298986e+01	7.710741e+02
6.240000e-06	2.493098e-09	6.651891e-09	2.268410e+01	7.697782e+02
6.250000e-06	2.459375e-09	6.637762e-09	2.237726e+01	7.684776e+02
6.260000e-06	2.425559e-09	6.625757e-09	2.206958e+01	7.671674e+02
6.270000e-06	2.391670e-09	6.615776e-09	2.176123e+01	7.658413e+02
6.280000e-06	2.357696e-09	6.609902e-09	2.145211e+01	7.644926e+02
6.290000e-06	2.323612e-09	6.601553e-09	2.114199e+01	7.631150e+02
6.300000e-06	2.289414e-09	6.590218e-09	2.083083e+01	7.617035e+02
6.310000e-06	2.255131e-09	6.580737e-09	2.051890e+01	7.602549e+02
6.320000e-06	2.220777e-09	6.570864e-09	2.020632e+01	7.587682e+02
6.330000e-06	2.186327e-09	6.561768e-09	1.989287e+01	7.572451e+02
6.340000e-06	2.151773e-09	6.550756e-09	1.957846e+01	7.556897e+02
6.350000e-06	2.117127e-09	6.537349e-09	1.926323e+01	7.541080e+02
6.360000e-06	2.082407e-09	6.524701e-09	1.894731e+01	7.525073e+02
6.370000e-06	2.047599e-09	6.512342e-09	1.863061e+01	7.508952e+02
6.380000e-06	2.012678e-09	6.497282e-09	1.831287e+01	7.492787e+02
6.390000e-06	1.977650e-09	6.481189e-09	1.799416e+01	7.476637e+02
6.400000e-06	1.942538e-09	6.467409e-09	1.767468e+01	7.460539e+02
6.410000e-06	1.907335e-09	6.455605e-09	1.735437e+01	7.444505e+02
6.420000e-06	1.872019e-09	6.446496e-09	1.703305e+01	7.428522e+02
6.430000e-06	1.836602e-09	6.434730e-09	1.671079e+01	7.412553e+02
6.440000e-06	1.801102e-09	6.420684e-09	1.638778e+01	7.396544e+02
6.450000e-06	1.765506e-09	6.407077e-09	1.606391e+01	7.380427e+02
6.460000e-06	1.729809e-09	6.389958e-09	1.573911e+01	7.364133e+02
6.470000e-06	1.694011e-09	6.369322e-09	1.541339e+01	7.347594e+02
6.480000e-06	1.658111e-09	6.348443e-09	1.508674e+01	7.330756e+02
6.490000e-06	1.622131e-09	6.331475e-09	1.475937e+01	7.313585e+02
6.500000e-06	1.586089e-09	6.319159e-09	1.443143e+01	7.296063e+02
6.510000e-06	1.549987e-09	6.309210e-09	1.410295e+01	7.278196e+02
6.520000e-06	1.513820e-09	6.294729e-09	1.377388e+01	7.260008e+02
6.530000e-06	1.477591e-09	6.276685e-09	1.344423e+01	7.241540e+02
6.540000e-06	1.441300e-09	6.256921e-09	1.311403e+01	7.222842e+02
6.550000e-06	1.404949e-09	6.234972e-09	1.278328e+01	7.203966e+02
6.560000e-06	1.368527e-09	6.212310e-09	1.245188e+01	7.184965e+02
6.570000e-06	1.332023e-09	6.187856e-09	1.211974e+01	7.165881e+02
6.580000e-06	1.295466e-09	6.166178e-09	1.178712e+01	7.146747e+02
6.590000e-06	1.258857e-09	6.149191e-09	1.145403e+01	7.127581e+02
6.600000e-06	1.222168e-09	6.134320e-09	1.112019e+01	7.108387e+02
6.610000e-06	1.185403e-09	6.115260e-09	1.078568e+01	7.089158e+02
6.620000e-06	1.148579e-09	6.093079e-09	1.045063e+01	7.069874e+02
6.630000e-06	1.111697e-09	6.074999e-09	1.011505e+01	7.050510e+02
6.640000e-06	1.074772e-09	6.060742e-09	9.779079e+00	7.031037e+02
6.650000e-06	1.037802e-09	6.043564e-09	9.442690e+00	7.011426e+02
6.660000e-06	1.000773e-09	6.020668e-09	9.105777e+00	6.991649e+02
6.670000e-06	9.637082e-10	5.997668e-09	8.768530e+00	6.971688e+02
6.680000e-06	9.266159e-10	5.977815e-09	8.431036e+00	6.951527e+02
6.690000e-06	8.894825e-10	5.959644e-09	8.093167e+00	6.931160e+02
6.700000e-06	8.522966e-10	5.940306e-09	7.754821e+00	6.910586e+02
6.710000e-06	8.150777e-10	5.920789e-09	7.416175e+00	6.889813e+02
6.720000e-06	7.778404e-10	5.902614e-09	7.077361e+00	6.868850e+02
6.730000e-06	7.405766e-10	5.883690e-09	6.738306e+00	6.847713e+02
6.740000e-06	7.032820e-10	5.863328e-09	6.398970e+00	6.826415e+02
6.750000e-06	6.659554e-10	5.840481e-09	6.059344e+00	6.804973e+02
6.760000e-06	6.286018e-10	5.818929e-09	5.719472e+00	6.783398e+02
6.770000e-06	5.912249e-10	5.802290e-09	5.379388e+00	6.761698e+02
6.780000e-06	5.538224e-10	5.786711e-09	5.039072e+00	6.739876e+02
6.790000e-06	5.163843e-10	5.768800e-09	4.698431e+00	6.717925e+02
6.800000e-06	4.789129e-10	5.749939e-09	4.357487e+00	6.695835e+02
6.810000e-06	4.414179e-10	5.732062e-09	4.016329e+00	6.673583e+02
6.820000e-06	4.038980e-10	5.712792e-09	3.674943e+00	6.651142e+02
6.830000e-06	3.663600e-10	5.691301e-09	3.333394e+00	6.628477e+02
6.840000e-06	3.288056e-10	5.667902e-09	2.991695e+00	6.605549e+02
6.850000e-06	2.912273e-10	5.644762e-09	2.649779e+00	6.582319e+02
6.860000e-06	2.536339e-10	5.623194e-09	2.307725e+00	6.558747e+02
6.870000e-06	2.160264e-10	5.603577e-09	1.965542e+00	6.534802e+02
6.880000e-06	1.784073e-10	5.587613e-09	1.623255e+00	6.510459e+02
6.890000e-06	1.407928e-10	5.573122e-09	1.281009e+00	6.485706e+02
6.900000e-06	1.031800e-10	5.556550e-09	9.387783e-01	6.460543e+02
6.910000e-06	6.556588e-11	5.534399e-09	5.965365e-01	6.434982e+02
6.920000e-06	2.795518e-11	5.507729e-09	2.543253e-01	6.409047e+02
6.930000e-06	-9.651680e-12	5.479831e-09	-8.785093e-02	6.382768e+02
6.940000e-06	-4.725597e-11	5.454930e-09	-4.300038e-01	6.356183e+02
6.950000e-06	-8.485758e-11	5.434616e-09	-7.721324e-01	6.329323e+02
6.960000e-06	-1.224486e-10	5.419553e-09	-1.114165e+00	6.302217e+02
6.970000e-06	-1.600303e-10	5.404122e-09	-1.456112e+00	6.274877e+02
6.980000e-06	-1.976015e-10	5.383861e-09	-1.797964e+00	6.247305e+02
6.990000e-06	-2.351679e-10	5.361061e-09	-2.139772e+00	6.219483e+02
7.000000e-06	-2.727243e-10	5.334497e-09	-2.481489e+00	6.191377e+02
7.010000e-06	-3.102690e-10	5.309125e-09	-2.823100e+00	6.162939e+02
7.020000e-06	-3.478046e-10	5.286752e-09	-3.164628e+00	6.134114e+02
7.030000e-06	-3.853233e-10	5.268327e-09	-3.506002e+00	6.104842e+02
7.040000e-06	-4.228129e-10	5.252229e-09	-3.847112e+00	6.075068e+02
7.050000e-06	-4.602741e-10	5.230540e-09	-4.187963e+00	6.044750e+02
7.060000e-06	-4.977252e-10	5.200135e-09	-4.528721e+00	6.013858e+02
7.070000e-06	-5.351548e-10	5.163350e-09	-4.869285e+00	5.982388e+02
7.080000e-06	-5.725580e-10	5.127953e-09	-5.209608e+00	5.950352e+02
7.090000e-06	-6.099314e-10	5.096781e-09	-5.549660e+00	5.917784e+02
7.100000e-06	-6.472746e-10	5.070048e-09	-5.889438e+00	5.884732e+02
7.110000e-06	-6.845820e-10	5.046735e-09	-6.228889e+00	5.851252e+02
7.120000e-06	-7.218508e-10	5.020744e-09	-6.567990e+00	5.817401e+02
7.130000e-06	-7.590807e-10	4.991163e-09	-6.906735e+00	5.783228e+02
7.140000e-06	-7.962639e-10	4.957738e-09	-7.245057e+00	5.748767e+02
7.150000e-06	-8.334088e-10	4.921837e-09	-7.583030e+00	5.714031e+02
7.160000e-06	-8.705169e-10	4.886462e-09	-7.920668e+00	5.679012e+02
7.170000e-06	-9.075908e-10	4.854492e-09	-8.257995e+00	5.643680e+02
7.180000e-06	-9.446195e-10	4.825297e-09	-8.594911e+00	5.607987e+02
7.190000e-06	-9.815989e-10	4.794932e-09	-8.931378e+00	5.571872e+02
7.200000e-06	-1.018544e-09	4.762262e-09	-9.267535e+00	5.535273e+02
7.210000e-06	-1.055439e-09	4.724813e-09	-9.603236e+00	5.498129e+02
7.220000e-06	-1.092288e-09	4.684425e-09	-9.938510e+00	5.460393e+02
7.230000e-06	-1.129095e-09	4.645260e-09	-1.027341e+01	5.422037e+02
7.240000e-06	-1.165843e-09	4.607824e-09	-1.060777e+01	5.383053e+02
7.250000e-06	-1.202534e-09	4.572618e-09	-1.094161e+01	5.343454e+02
7.260000e-06	-1.239165e-09	4.538691e-09	-1.127492e+01	5.303268e+02
7.270000e-06	-1.275737e-09	4.503190e-09	-1.160768e+01	5.262535e+02
7.280000e-06	-1.312254e-09	4.464526e-09	-1.193994e+01	5.221298e+02
7.290000e-06	-1.348710e-09	4.425305e-09	-1.227164e+01	5.179589e+02
7.300000e-06	-1.385088e-09	4.383855e-09	-1.260263e+01	5.137425e+02
7.310000e-06	-1.421392e-09	4.339998e-09	-1.293295e+01	5.094799e+02
7.320000e-06	-1.457627e-09	4.297321e-09	-1.326265e+01	5.051677e+02
7.330000e-06	-1.493789e-09	4.257534e-09	-1.359168e+01	5.007995e+02
7.340000e-06	-1.529878e-09	4.220965e-09	-1.392004e+01	4.963665e+02
7.350000e-06	-1.565889e-09	4.183008e-09	-1.424770e+01	4.918580e+02
7.360000e-06	-1.601830e-09	4.142034e-09	-1.457472e+01	4.872623e+02
7.370000e-06	-1.637686e-09	4.097873e-09	-1.490097e+01	4.825676e+02
7.380000e-06	-1.673439e-09	4.051580e-09	-1.522628e+01	4.777635e+02
7.390000e-06	-1.709087e-09	4.004035e-09	-1.555063e+01	4.728410e+02
7.400000e-06	-1.744634e-09	3.956489e-09	-1.587406e+01	4.677940e+02
7.410000e-06	-1.780094e-09	3.911180e-09	-1.619670e+01	4.626186e+02
7.420000e-06	-1.815452e-09	3.866857e-09	-1.651842e+01	4.573137e+02
7.430000e-06	-1.850713e-09	3.822440e-09	-1.683924e+01	4.518795e+02
7.440000e-06	-1.885894e-09	3.777396e-09	-1.715935e+01	4.463177e+02
7.450000e-06	-1.921002e-09	3.732107e-09	-1.747879e+01	4.406293e+02
7.460000e-06	-1.956011e-09	3.685089e-09	-1.779733e+01	4.348143e+02
7.470000e-06	-1.990929e-09	3.634600e-09	-1.811504e+01	4.288703e+02
7.480000e-06	-2.025764e-09	3.580648e-09	-1.843199e+01	4.227916e+02
7.490000e-06	-2.060511e-09	3.524522e-09	-1.874815e+01	4.165691e+02
7.500000e-06	-2.095163e-09	3.468185e-09	-1.906345e+01	4.101896e+02
7.510000e-06	-2.129709e-09	3.412398e-09	-1.937777e+01	4.036368e+02
7.520000e-06	-2.164148e-09	3.357552e-09	-1.969112e+01	3.968914e+02
7.530000e-06	-2.198494e-09	3.302113e-09	-2.000363e+01	3.899319e+02
7.540000e-06	-2.232759e-09	3.244109e-09	-2.031540e+01	3.827359e+02
7.550000e-06	-2.266926e-09	3.183507e-09	-2.062628e+01	3.752807e+02
7.560000e-06	-2.300998e-09	3.119678e-09	-2.093628e+01	3.675444e+02
7.570000e-06	-2.334977e-09	3.053423e-09	-2.124545e+01	3.595061e+02
7.580000e-06	-2.368860e-09	2.984664e-09	-2.155375e+01	3.511464e+02
7.590000e-06	-2.402654e-09	2.913395e-09	-2.186123e+01	3.424473e+02
7.600000e-06	-2.436351e-09	2.839045e-09	-2.216783e+01	3.333918e+02
7.610000e-06	-2.469933e-09	2.760898e-09	-2.247339e+01	3.239635e+02
7.620000e-06	-2.503395e-09	2.679517e-09	-2.277786e+01	3.141460e+02
7.630000e-06	-2.536744e-09	2.595065e-09	-2.308129e+01	3.039222e+02
7.640000e-06	-2.569982e-09	2.507990e-09	-2.338371e+01	2.932741e+02
7.650000e-06	-2.603095e-09	2.418464e-09	-2.368500e+01	2.821823e+02
7.660000e-06	-2.636087e-09	2.324683e-09	-2.398519e+01	2.706262e+02
7.670000e-06	-2.668971e-09	2.222261e-09	-2.428439e+01	2.585841e+02
7.680000e-06	-2.701732e-09	2.111501e-09	-2.458247e+01	2.460341e+02
7.690000e-06	-2.734367e-09	1.996613e-09	-2.487942e+01	2.329546e+02
7.700000e-06	-2.766870e-09	1.881672e-09	-2.517515e+01	2.193253e+02
7.710000e-06	-2.799244e-09	1.766508e-09	-2.546972e+01	2.051278e+02
7.720000e-06	-2.831503e-09	1.644802e-09	-2.576323e+01	1.903471e+02
7.730000e-06	-2.863639e-09	1.513262e-09	-2.605563e+01	1.749717e+02
7.740000e-06	-2.895634e-09	1.376125e-09	-2.634675e+01	1.589943e+02
7.750000e-06	-2.927484e-09	1.236968e-09	-2.663654e+01	1.424125e+02
7.760000e-06	-2.959182e-09	1.092602e-09	-2.692495e+01	1.252289e+02
7.770000e-06	-2.990739e-09	9.399979e-10	-2.721208e+01	1.074513e+02
7.780000e-06	-3.022156e-09	7.827512e-10	-2.749793e+01	8.909258e+01
7.790000e-06	-3.053431e-09	6.223024e-10	-2.778250e+01	7.017126e+01
7.800000e-06	-3.084561e-09	4.556325e-10	-2.806574e+01	5.071132e+01
7.810000e-06	-3.115526e-09	2.821500e-10	-2.834749e+01	3.074251e+01
7.820000e-06	-3.146344e-09	1.029286e-10	-2.862789e+01	1.030056e+01
7.830000e-06	-3.177022e-09	-7.852996e-11	-2.890703e+01	-1.057259e+01
7.840000e-06	-3.207565e-09	-2.572598e-10	-2.918493e+01	-3.182868e+01
7.850000e-06	-3.237971e-09	-4.374103e-10	-2.946159e+01	-5.341317e+01
7.860000e-06	-3.268226e-09	-6.248941e-10	-2.973687e+01	-7.526551e+01
7.870000e-06	-3.298331e-09	-8.172695e-10	-3.001079e+01	-9.731971e+01
7.880000e-06	-3.328289e-09	-1.011984e-09	-3.028337e+01	-1.195053e+02
7.890000e-06	-3.358099e-09	-1.207719e-09	-3.055461e+01	-1.417485e+02
7.900000e-06	-3.387764e-09	-1.403177e-09	-3.082453e+01	-1.639741e+02
7.910000e-06	-3.417281e-09	-1.596351e-09	-3.109309e+01	-1.861069e+02
7.920000e-06	-3.446634e-09	-1.785101e-09	-3.136017e+01	-2.080737e+02
7.930000e-06	-3.475821e-09	-1.970076e-09	-3.162573e+01	-2.298054e+02
7.940000e-06	-3.504864e-09	-2.152920e-09	-3.188999e+01	-2.512385e+02
7.950000e-06	-3.533762e-09	-2.335512e-09	-3.215292e+01	-2.723166e+02
7.960000e-06	-3.562495e-09	-2.517711e-09	-3.241436e+01	-2.929913e+02
7.970000e-06	-3.591056e-09	-2.695475e-09	-3.267423e+01	-3.132230e+02
7.980000e-06	-3.619445e-09	-2.867586e-09	-3.293253e+01	-3.329803e+02
7.990000e-06	-3.647651e-09	-3.035274e-09	-3.318917e+01	-3.522405e+02
8.000000e-06	-3.675665e-09	-3.200299e-09	-3.344407e+01	-3.709880e+02
8.010000e-06	-3.703493e-09	-3.362116e-09	-3.369727e+01	-3.892134e+02
8.020000e-06	-3.731141e-09	-3.518453e-09	-3.394883e+01	-4.069126e+02
8.030000e-06	-3.758612e-09	-3.667222e-09	-3.419878e+01	-4.240851e+02
8.040000e-06	-3.785921e-09	-3.808635e-09	-3.444726e+01	-4.407330e+02
8.050000e-06	-3.813061e-09	-3.946644e-09	-3.469420e+01	-4.568602e+02
8.060000e-06	-3.840024e-09	-4.082636e-09	-3.493953e+01	-4.724712e+02
8.070000e-06	-3.866813e-09	-4.216511e-09	-3.518328e+01	-4.875711e+02
8.080000e-06	-3.893431e-09	-4.347377e-09	-3.542547e+01	-5.021653e+02
8.090000e-06	-3.919875e-09	-4.474375e-09	-3.566608e+01	-5.162593e+02
8.100000e-06	-3.946128e-09	-4.597836e-09	-3.590495e+01	-5.298592e+02
8.110000e-06	-3.972209e-09	-4.716483e-09	-3.614225e+01	-5.429717e+02
8.120000e-06	-3.998120e-09	-4.824708e-09	-3.637801e+01	-5.556043e+02
8.130000e-06	-4.023860e-09	-4.923117e-09	-3.661221e+01	-5.677660e+02
8.140000e-06	-4.049432e-09	-5.019618e-09	-3.684488e+01	-5.794669e+02
8.150000e-06	-4.074822e-09	-5.117316e-09	-3.707591e+01	-5.907184e+02
8.160000e-06	-4.100033e-09	-5.213502e-09	-3.730530e+01	-6.015331e+02
8.170000e-06	-4.125059e-09	-5.305885e-09	-3.753300e+01	-6.119246e+02
8.180000e-06	-4.149883e-09	-5.391660e-09	-3.775887e+01	-6.219073e+02
8.190000e-06	-4.174506e-09	-5.471999e-09	-3.798290e+01	-6.314964e+02
8.200000e-06	-4.198930e-09	-5.549936e-09	-3.820513e+01	-6.407069e+02
8.210000e-06	-4.223164e-09	-5.625311e-09	-3.842564e+01	-6.495545e+02
8.220000e-06	-4.247207e-09	-5.697837e-09	-3.864439e+01	-6.580545e+02
8.230000e-06	-4.271054e-09	-5.767118e-09	-3.886137e+01	-6.662223e+02
8.240000e-06	-4.294696e-09	-5.833455e-09	-3.907649e+01	-6.740732e+02
8.250000e-06	-4.318123e-09	-5.895242e-09	-3.928964e+01	-6.816222e+02
8.260000e-06	-4.341340e-09	-5.952806e-09	-3.950089e+01	-6.888842e+02
8.270000e-06	-4.364335e-09	-6.009802e-09	-3.971011e+01	-6.958738e+02
8.280000e-06	-4.387092e-09	-6.067690e-09	-3.991718e+01	-7.026051e+02
8.290000e-06	-4.409615e-09	-6.127174e-09	-4.012210e+01	-7.090917e+02
8.300000e-06	-4.431913e-09	-6.187003e-09	-4.032499e+01	-7.153462e+02
8.310000e-06	-4.453995e-09	-6.244930e-09	-4.052591e+01	-7.213807e+02
8.320000e-06	-4.475872e-09	-6.299420e-09	-4.072496e+01	-7.272057e+02
8.330000e-06	-4.497558e-09	-6.347184e-09	-4.092228e+01	-7.328307e+02
8.340000e-06	-4.519070e-09	-6.386425e-09	-4.111801e+01	-7.382638e+02
8.350000e-06	-4.540403e-09	-6.423649e-09	-4.131211e+01	-7.435119e+02
8.360000e-06	-4.561543e-09	-6.464793e-09	-4.150447e+01	-7.485805e+02
8.370000e-06	-4.582495e-09	-6.507675e-09	-4.169510e+01	-7.534743e+02
8.380000e-06	-4.603228e-09	-6.550509e-09	-4.188375e+01	-7.581973e+02
8.390000e-06	-4.623733e-09	-6.592195e-09	-4.207031e+01	-7.627528e+02
8.400000e-06	-4.644026e-09	-6.633333e-09	-4.225496e+01	-7.671439e+02
8.410000e-06	-4.664094e-09	-6.675388e-09	-4.243755e+01	-7.713737e+02
8.420000e-06	-4.683935e-09	-6.713686e-09	-4.261808e+01	-7.754453e+02
8.430000e-06	-4.703569e-09	-6.747097e-09	-4.279673e+01	-7.793621e+02
8.440000e-06	-4.723017e-09	-6.778703e-09	-4.297367e+01	-7.831275e+02
8.450000e-06	-4.742280e-09	-6.809932e-09	-4.314894e+01	-7.867453e+02
8.460000e-06	-4.761343e-09	-6.840560e-09	-4.332239e+01	-7.902193e+02
8.470000e-06	-4.780192e-09	-6.868410e-09	-4.349390e+01	-7.935536e+02
8.480000e-06	-4.798815e-09	-6.896241e-09	-4.366335e+01	-7.967523e+02
8.490000e-06	-4.817205e-09	-6.924771e-09	-4.383068e+01	-7.998196e+02
8.500000e-06	-4.835376e-09	-6.953923e-09	-4.399600e+01	-8.027598e+02
8.510000e-06	-4.853333e-09	-6.980843e-09	-4.415939e+01	-8.055777e+02
8.520000e-06	-4.871074e-09	-7.005180e-09	-4.432082e+01	-8.082781e+02
8.530000e-06	-4.888610e-09	-7.028607e-09	-4.448037e+01	-8.108664e+02
8.540000e-06	-4.905938e-09	-7.050887e-09	-4.463803e+01	-8.133483e+02
8.550000e-06	-4.923041e-09	-7.073048e-09	-4.479365e+01	-8.157295e+02
8.560000e-06	-4.939906e-09	-7.094034e-09	-4.494710e+01	-8.180162e+02
8.570000e-06	-4.956545e-09	-7.114540e-09	-4.509850e+01	-8.202143e+02
8.580000e-06	-4.972973e-09	-7.135172e-09	-4.524797e+01	-8.223290e+02
8.590000e-06	-4.989196e-09	-7.157353e-09	-4.539557e+01	-8.243653e+02
8.600000e-06	-5.005200e-09	-7.179654e-09	-4.554119e+01	-8.263266e+02
8.610000e-06	-5.020980e-09	-7.199451e-09	-4.568477e+01	-8.282154e+02
8.620000e-06	-5.036516e-09	-7.215843e-09	-4.582613e+01	-8.300330e+02
8.630000e-06	-5.051787e-09	-7.227948e-09	-4.596507e+01	-8.317793e+02
8.640000e-06	-5.066801e-09	-7.238279e-09	-4.610168e+01	-8.334535e+02
8.650000e-06	-5.081563e-09	-7.250242e-09	-4.623600e+01	-8.350541e+02
8.660000e-06	-5.096090e-09	-7.264463e-09	-4.636818e+01	-8.365797e+02
8.670000e-06	-5.110386e-09	-7.278416e-09	-4.649825e+01	-8.380296e+02
8.680000e-06	-5.124452e-09	-7.289788e-09	-4.662624e+01	-8.394039e+02
8.690000e-06	-5.138277e-09	-7.301592e-09	-4.675203e+01	-8.407044e+02
8.700000e-06	-5.151850e-09	-7.313566e-09	-4.687552e+01	-8.419345e+02
8.710000e-06	-5.165193e-09	-7.323154e-09	-4.699693e+01	-8.430992e+02
8.720000e-06	-5.178321e-09	-7.331516e-09	-4.711638e+01	-8.442048e+02
8.730000e-06	-5.191225e-09	-7.340811e-09	-4.723379e+01	-8.452589e+02
8.740000e-06	-5.203907e-09	-7.350724e-09	-4.734918e+01	-8.462691e+02
8.750000e-06	-5.216369e-09	-7.357954e-09	-4.746257e+01	-8.472428e+02
8.760000e-06	-5.228573e-09	-7.361828e-09	-4.757361e+01	-8.481861e+02
8.770000e-06	-5.240518e-09	-7.364590e-09	-4.768230e+01	-8.491037e+02
8.780000e-06	-5.252246e-09	-7.367649e-09	-4.778901e+01	-8.499985e+02
8.790000e-06	-5.263751e-09	-7.374696e-09	-4.789369e+01	-8.508712e+02
8.800000e-06	-5.275021e-09	-7.385844e-09	-4.799623e+01	-8.517206e+02
8.810000e-06	-5.286060e-09	-7.398098e-09	-4.809667e+01	-8.525446e+02
8.820000e-06	-5.296849e-09	-7.407172e-09	-4.819484e+01	-8.533400e+02
8.830000e-06	-5.307348e-09	-7.409043e-09	-4.829036e+01	-8.541040e+02
8.840000e-06	-5.317560e-09	-7.407597e-09	-4.838328e+01	-8.548344e+02
8.850000e-06	-5.327496e-09	-7.405454e-09	-4.847368e+01	-8.555306e+02
8.860000e-06	-5.337144e-09	-7.404433e-09	-4.856148e+01	-8.561935e+02
8.870000e-06	-5.346508e-09	-7.408254e-09	-4.864667e+01	-8.568258e+02
8.880000e-06	-5.355612e-09	-7.416383e-09	-4.872951e+01	-8.574316e+02
8.890000e-06	-5.364509e-09	-7.426588e-09	-4.881046e+01	-8.580159e+02
8.900000e-06	-5.373218e-09	-7.435055e-09	-4.888970e+01	-8.585838e+02
8.910000e-06	-5.381738e-09	-7.437302e-09	-4.896722e+01	-8.591395e+02
8.920000e-06	-5.390044e-09	-7.431714e-09	-4.904280e+01	-8.596859e+02
8.930000e-06	-5.398119e-09	-7.423507e-09	-4.911626e+01	-8.602238e+02
8.940000e-06	-5.405961e-09	-7.421014e-09	-4.918762e+01	-8.607515e+02
8.950000e-06	-5.413565e-09	-7.424211e-09	-4.925681e+01	-8.612655e+02
8.960000e-06	-5.420896e-09	-7.430704e-09	-4.932351e+01	-8.617605e+02
8.970000e-06	-5.427967e-09	-7.437442e-09	-4.938785e+01	-8.622305e+02
8.980000e-06	-5.434810e-09	-7.441297e-09	-4.945011e+01	-8.626697e+02
8.990000e-06	-5.441415e-09	-7.441135e-09	-4.951021e+01	-8.630741e+02
9.000000e-06	-5.447792e-09	-7.438401e-09	-4.956823e+01	-8.634416e+02
9.010000e-06	-5.453923e-09	-7.434996e-09	-4.962401e+01	-8.637737e+02
9.020000e-06	-5.459776e-09	-7.432361e-09	-4.967727e+01	-8.640750e+02
9.030000e-06	-5.465352e-09	-7.435299e-09	-4.972800e+01	-8.643531e+02
9.040000e-06	-5.470686e-09	-7.441661e-09	-4.977654e+01	-8.646180e+02
9.050000e-06	-5.475792e-09	-7.445175e-09	-4.982299e+01	-8.648808e+02
9.060000e-06	-5.480659e-09	-7.445679e-09	-4.986727e+01	-8.651521e+02
9.070000e-06	-5.485301e-09	-7.446668e-09	-4.990952e+01	-8.654405e+02
9.080000e-06	-5.489691e-09	-7.448397e-09	-4.994946e+01	-8.657512e+02
9.090000e-06	-5.493801e-09	-7.450037e-09	-4.998685e+01	-8.660851e+02
9.100000e-06	-5.497664e-09	-7.452790e-09	-5.002200e+01	-8.664380e+02
9.110000e-06	-5.501296e-09	-7.457018e-09	-5.005505e+01	-8.668012e+02
9.120000e-06	-5.504689e-09	-7.462622e-09	-5.008592e+01	-8.671623e+02
9.130000e-06	-5.507866e-09	-7.465653e-09	-5.011483e+01	-8.675065e+02
9.140000e-06	-5.510811e-09	-7.465408e-09	-5.014162e+01	-8.678188e+02
9.150000e-06	-5.513446e-09	-7.463063e-09	-5.016560e+01	-8.680860e+02
9.160000e-06	-5.515764e-09	-7.461379e-09	-5.018669e+01	-8.682985e+02
9.170000e-06	-5.517819e-09	-7.462641e-09	-5.020538e+01	-8.684519e+02
9.180000e-06	-5.519632e-09	-7.466252e-09	-5.022188e+01	-8.685479e+02
9.190000e-06	-5.521210e-09	-7.471800e-09	-5.023624e+01	-8.685944e+02
9.200000e-06	-5.522556e-09	-7.475049e-09	-5.024849e+01	-8.686043e+02
9.210000e-06	-5.523630e-09	-7.476518e-09	-5.025826e+01	-8.685943e+02
9.220000e-06	-5.524424e-09	-7.476785e-09	-5.026549e+01	-8.685820e+02
9.230000e-06	-5.524989e-09	-7.476107e-09	-5.027062e+01	-8.685841e+02
9.240000e-06	-5.525325e-09	-7.476737e-09	-5.027368e+01	-8.686134e+02
